667
2121
546
599
653
705
759
807
859
913
969
1022
1072
1148
1183
1249
1306
1373
1429
1484
1545
1614
1673
1738
1794
1855
1917
1980
2050
2109
2167
2235
2300
2349
2395
2428
2456
404
476
541
608
671
739
799
867
932
1000
1061
1130
1202
1273
1337
1405
1485
1552
1624
1698
1759
1837
1914
1977
2049
2131
2202
2269
2331
2385
2421
2458
58
481
556
628
700
766
838
912
979
1048
1112
1194
1266
1339
1415
1486
1575
1634
1715
1778
1860
1932
2009
2084
2159
2229
2306
2358
2403
2441
500
599
500
604
673
743
814
882
950
1017
1085
1162
1225
1303
1373
1440
1524
1593
1657
1727
1813
1887
1947
2021
2081
2147
2227
2289
2342
2390
2425
2454
2484
500
571
638
700
772
829
889
958
1016
1079
1142
1202
1269
1328
1385
1458
1517
1569
1645
1694
1761
1815
1882
1949
2008
2064
2122
2169
2235
2286
2333
2372
2403
2432
2458
407
462
512
561
611
665
711
764
805
857
896
947
993
1045
1086
1130
1175
1227
1262
1315
1347
1396
1436
1478
1512
1558
1608
1642
1678
1714
1769
1801
1836
1873
1907
1947
1981
2018
2051
2077
2115
2140
2169
2200
2232
2258
2285
2307
2328
2340
2367
2365
2347
2328
2307
2279
2252
2220
2203
2177
2139
2109
2076
2042
2005
1977
1939
1907
1869
1828
1792
1756
1712
1681
1638
1600
1552
1517
1481
1433
1393
1344
1304
1261
1219
1175
1124
1080
1029
988
942
891
844
798
751
701
650
598
549
503
454
397
2454
2439
2406
2371
2332
2284
2227
2174
2124
2060
1995
1943
1884
1815
1763
1698
1635
1574
1511
1447
1380
1326
1261
1194
1135
1078
1010
947
878
814
756
686
630
564
498
432
2457
2430
2390
2343
2296
2221
2149
2087
2012
1948
1870
1801
1730
1663
1591
1511
1438
1374
1302
1228
1155
1084
1018
946
872
805
733
664
599
514
457
377
2438
2404
2359
2300
2230
2152
2084
2001
1930
1859
1784
1704
1639
1559
1481
1409
1336
1263
1189
1117
1040
970
901
831
764
686
613
549
473
416
2453
2415
2379
2327
2264
2191
2122
2051
1977
1907
1834
1765
1686
1615
1551
1475
1402
1328
1263
1192
1126
1053
986
919
852
789
724
662
593
533
470
503
2454
2424
2388
2347
2293
2229
2166
2109
2046
1979
1912
1857
1794
1732
1674
1597
1552
1489
1422
1357
1300
1246
1189
1128
1072
1020
958
900
854
800
751
699
646
595
545
1161
1227
1307
1376
1449
1520
1600
1675
1744
1824
1901
1983
2044
2123
2201
2270
2333
2387
2422
2460
2366
2481
573
649
713
785
852
925
996
1066
1135
1205
1272
1345
1415
1495
1558
1626
1702
1772
1846
1916
1991
2054
2133
2191
2266
2327
2365
2412
2447
2474
500
600
603
674
737
801
865
930
991
1049
1120
1178
1247
1303
1366
1425
1486
1552
1609
1672
1733
1801
1852
1929
1982
2035
2095
2154
2205
2261
2315
2354
2393
2421
2446
2474
2440
2507
500
601
648
696
744
793
843
885
933
977
1027
1075
1122
1168
1210
1251
1295
1338
1384
1417
1465
1505
1546
1589
1628
1669
1717
1750
1781
1822
1866
1893
1927
1973
1999
2037
2077
2102
2139
2167
2195
2219
2248
2273
2302
2324
2344
2364
2378
2391
2406
2444
2430
2441
2446
2457
2469
205
2479
440
457
479
487
504
516
536
543
555
566
580
594
593
604
623
623
628
633
639
646
649
657
660
659
658
662
657
668
660
659
657
659
652
647
645
638
636
622
620
609
599
597
585
569
559
550
546
527
513
497
484
461
451
438
419
403
2464
2456
2447
2439
2428
2412
2415
2389
2377
2358
2336
2318
2294
2269
2244
2219
2184
970
928
882
837
777
746
686
638
592
542
491
431
378
2453
2427
2396
2365
2320
2267
2210
2161
2105
2050
1978
1932
1870
1805
1749
1684
1625
1556
1500
1437
1367
1311
1248
1188
1119
1055
998
930
867
801
742
678
616
544
487
417
2449
2420
2380
2334
2272
2208
2139
2066
2012
1932
1858
1787
1714
1638
1572
1499
1426
1353
1290
1214
1145
1074
1002
934
861
787
725
648
581
509
436
2461
2431
2394
2349
2286
2213
2139
2072
1993
1921
1843
1773
1708
1623
1546
1468
1391
1325
1247
1176
1102
1022
959
885
819
739
674
606
539
459
388
2445
2412
2371
2315
2244
2177
2106
2032
1960
1896
1819
1740
1672
1598
1527
1464
1386
1311
1248
1176
1106
1041
973
901
841
774
711
643
582
517
451
390
2446
2384
2381
2334
2282
2221
2153
2084
2033
1963
1903
1837
1786
1719
1655
1597
1531
1469
1409
1352
1292
1231
1173
1112
1056
1004
955
889
841
789
737
686
638
584
534
484
436
388
2450
2429
2402
2371
2340
2299
2257
2210
2163
2119
2072
2028
1984
1930
1905
1862
1817
1778
1732
1691
1651
1615
1577
1533
1500
1471
1424
1390
1355
1314
1288
1253
1218
1185
1155
1127
1282
1345
1410
1475
1531
1593
1657
1715
1775
1842
1897
1956
2024
2084
2137
2198
2247
2302
2348
2383
2414
2441
2454
419
477
521
576
624
673
721
775
817
868
913
958
1005
1050
1098
1143
1187
1235
1279
1317
1366
1409
1449
1493
1528
1575
1614
1648
1687
1738
1766
1801
1848
1882
1914
1959
1996
2023
2052
2092
2118
2152
2186
2209
2238
2265
2296
2315
2335
2338
2371
2387
2402
2412
2425
2444
2449
2455
2477
2468
2478
2484
446
467
488
493
516
524
540
551
566
577
582
597
603
615
620
630
634
637
642
647
656
658
658
661
666
666
661
661
665
663
656
656
651
645
638
635
624
622
616
611
594
589
576
566
557
544
534
521
507
489
471
461
443
417
406
387
2458
2451
2443
2434
2423
2407
2397
2381
2363
2346
2326
2303
2279
2247
2225
2199
2165
2137
2106
2079
2041
2006
1976
1941
1907
1867
1837
1789
1754
1723
1679
1635
1605
1557
1516
1476
1438
1393
1352
1312
1261
1217
1172
1129
1075
1035
989
947
891
849
799
750
698
658
605
553
500
450
500
2457
2434
2401
2369
2330
2284
2232
2170
2113
2050
2008
1946
1881
1816
1756
1691
1637
1575
1514
1451
1387
388
2435
2400
2356
2303
2240
2169
2105
2040
1960
1893
1821
1759
1678
1606
1529
1462
1395
1322
1246
1175
1111
1029
964
887
830
748
680
610
544
471
401
2437
2418
2372
2311
2254
2175
2104
2026
1954
1881
1801
1734
1659
1579
1501
1434
1355
1284
1213
1137
1067
988
922
853
772
707
641
566
488
438
2463
2431
2389
2343
2286
2211
2134
2065
1997
1926
1857
1788
1714
1645
1566
1495
1426
1348
1284
1214
1143
1059
1006
945
871
809
742
676
617
554
481
425
2459
2434
2401
2360
2310
2253
2185
2115
2058
2002
1928
1876
1814
1753
1692
1622
1551
1501
1443
1372
1314
1257
1202
1142
1084
1027
974
919
873
815
766
714
664
608
557
512
460
410
2460
2439
2416
2392
2355
2324
2286
2232
2190
2140
2088
2051
1999
1965
1923
1875
1844
1800
1758
1720
1678
1645
1600
1563
1521
1485
1435
1411
1369
1334
1307
1270
1240
1208
1167
1148
1112
1080
1061
1026
998
974
952
922
899
880
852
835
810
796
773
754
738
718
702
680
661
646
635
618
611
597
578
572
559
549
537
524
519
513
508
499
493
486
480
474
476
473
464
464
466
463
469
464
468
464
467
468
477
487
488
2046
2002
1958
1921
1870
1844
1790
1752
1719
1668
1629
1595
1558
1514
1477
1438
1408
1372
1338
1300
1269
1238
1207
1168
1139
1115
1079
1053
1028
1003
975
950
926
897
878
855
832
814
788
770
753
736
709
698
680
668
651
634
619
610
592
582
567
556
553
539
527
520
510
502
496
495
483
483
475
475
465
467
465
466
463
462
463
471
475
474
476
478
481
494
493
503
510
518
522
530
546
555
563
576
590
604
617
632
641
657
682
691
706
732
749
763
785
803
826
845
869
895
915
937
966
991
1011
1045
1069
1097
1118
1150
1187
1224
1248
1278
1316
1352
1391
1426
1467
1503
1536
1574
1611
1661
1696
1730
1770
1811
1847
1898
1936
1981
2021
2069
2112
2154
2212
2256
2299
2340
2370
2400
2428
2450
2741
433
489
541
589
637
689
736
795
847
894
953
1001
1055
1115
1169
1230
1286
1347
1409
1468
1534
1594
1655
1721
1774
1831
1894
1973
2028
2087
2153
2219
2280
2332
2380
2415
2447
2476
2498
500
592
657
721
787
854
917
981
1050
1112
1187
1256
1324
1388
1469
1535
1604
1680
1749
1820
1893
1974
2037
2101
2176
2251
2321
2369
2411
2448
2477
1676
2525
542
598
645
700
748
801
852
900
960
1014
1068
1120
1178
1234
1298
1351
1410
1484
1544
1597
1669
1724
1782
1849
1914
1971
2028
2099
2156
2225
2289
2341
2387
2422
2451
500
891
500
596
664
724
790
855
917
987
1053
1120
1189
1259
1326
1400
1475
1546
1602
1694
1764
1826
1895
1970
2040
2113
2188
2257
2325
2382
2417
2452
2480
480
556
621
690
759
836
907
972
1044
1111
1185
1262
1328
1408
1481
1558
1629
1701
1792
1857
1932
2007
2073
2150
2227
2297
2338
2405
2441
2464
2496
500
596
668
744
814
885
953
1020
1084
1156
1232
1308
1374
1442
1522
1594
1665
1731
1808
1879
1952
2020
2082
2159
2225
2288
2345
2389
2428
2462
436
518
573
634
697
769
827
892
951
1014
1078
1141
1205
1267
1327
1383
1454
1511
1578
1637
1706
1760
1824
1884
1946
2011
2089
2119
2184
2237
2290
2333
2373
2404
2435
2460
2479
500
1787
550
614
671
714
762
815
860
904
946
997
1049
1094
1137
1186
1228
1262
1314
1363
1398
1443
1488
1527
1569
1601
1647
1680
1725
1766
1807
1841
1882
1910
1947
1982
2018
2044
2086
2122
2148
2175
2209
2236
2260
2286
2312
2332
2349
2370
532
521
508
493
473
457
447
428
401
386
2457
2451
2441
2431
2422
2412
2397
2382
2367
2347
2327
2307
2284
2255
2230
2192
2168
2143
2107
2076
2043
2014
1979
1945
1904
1869
1835
1795
1757
1716
1679
1643
1594
1551
1516
1477
1430
1389
1347
1310
1260
1219
1170
1128
1083
1034
991
947
894
841
800
757
708
653
605
552
502
459
394
2454
2439
2402
2369
2328
2288
2233
2172
2112
2056
2004
1943
1871
1818
1754
1691
1628
1573
1510
1450
1383
1327
1259
1196
1130
1076
1009
945
883
818
751
689
622
565
494
428
2453
2425
2389
2342
2292
2218
2150
2091
2010
1949
1867
1806
1728
1656
1581
1514
1445
1366
1302
1229
1154
1091
1011
940
872
804
739
655
586
523
453
374
2437
2400
2358
2296
2232
2149
2082
2007
1932
1862
1787
1703
1637
1561
1484
1411
1329
1263
1187
1107
1038
973
900
826
761
688
616
546
474
414
2449
2417
2380
2326
2264
2193
2120
2045
1973
1904
1841
1764
1685
1618
1547
1472
1401
1325
1261
1190
1122
1055
984
923
853
790
723
662
592
532
464
422
2455
2427
2391
2349
2292
2233
2163
2102
2038
1980
1906
1850
1787
1724
1662
1606
1546
1479
1621
1543
1465
1392
1322
1243
1165
1097
1024
956
875
810
739
664
600
530
463
382
2446
2410
2368
2312
2245
2168
2104
2029
1954
1886
1819
1743
1671
1605
1530
1454
1387
1316
1242
1171
1105
1040
969
904
837
776
715
647
581
525
450
385
2435
2418
2380
2339
2284
2216
2167
2089
2033
1964
1896
1834
1773
1718
1659
1591
1532
1471
1401
1352
1286
1223
1173
1114
1059
999
946
891
841
793
739
689
637
588
538
486
437
385
2451
2431
2406
2374
2344
2300
2261
2205
2164
2124
2075
2036
1988
1940
1906
1859
1816
1771
1737
1702
1661
1618
1581
1544
1503
1472
1423
1393
1350
1320
1280
1252
1221
1194
1157
1124
1105
1072
1044
1014
988
965
936
914
886
867
844
825
800
782
764
746
729
707
692
673
657
644
629
621
600
589
577
563
552
539
528
524
521
509
500
491
486
484
479
477
474
464
464
468
466
466
467
467
472
465
467
482
482
485
492
495
505
509
519
527
540
544
560
569
584
595
603
621
635
652
667
682
698
714
733
747
767
790
804
834
853
882
901
923
951
973
1002
1023
1051
1075
1107
1139
1165
1207
1234
1265
1296
1334
1366
1405
1433
1485
1520
869
931
989
1030
1089
1149
1202
1264
1318
1385
1447
1501
1565
1632
1684
1751
1811
1881
1938
2005
2062
2126
2192
2259
2311
2360
2404
2433
2467
500
1038
562
629
687
758
824
893
955
1020
1091
1157
1224
1291
1356
1429
1505
1582
1659
1724
1799
1865
1931
2007
2081
2149
2220
2292
2353
2396
2437
2467
62
515
590
663
719
791
863
938
1007
1083
1152
1216
1291
1366
1448
1517
1587
1667
1739
1816
1893
1963
2038
2113
2178
2259
2328
2374
2414
2452
453
559
566
630
700
767
834
907
976
1045
1114
1184
1256
1324
1401
1468
1549
1622
1686
1761
1829
1899
1967
2043
2117
2184
2247
2311
2366
2407
2438
2470
500
2472
593
667
720
793
857
921
984
1050
1102
1166
1233
1294
1359
1421
1483
1547
1606
1669
1725
1791
1855
1909
1969
2037
2089
2146
2197
2256
2309
2351
2390
2418
2443
500
500
2503
2504
587
640
692
739
779
839
874
929
974
1015
1068
1111
1154
1204
1242
1292
1335
1375
1416
1464
1499
1544
1580
1620
1655
1699
1741
1780
1832
1852
1893
1923
1965
2000
2028
2058
2099
2122
2157
2194
2220
2244
2271
2297
2321
2341
2359
2374
2390
2405
2416
2427
2436
2361
2403
2429
2453
2479
500
500
500
605
652
698
751
794
846
891
941
989
1030
1076
1123
1166
1215
1261
1305
1347
1390
1432
1476
1517
1552
1589
1635
1674
1713
1756
1793
1832
1868
1903
1938
1985
2011
2048
2074
2106
2142
2170
2197
2227
2250
2281
2305
2329
2347
2373
2380
2400
2407
2421
2431
2444
2452
2461
2467
2472
2480
2486
2477
2496
500
715
500
500
2511
1866
2523
500
595
602
613
613
623
631
638
639
650
654
659
661
662
659
664
659
664
661
653
657
655
651
647
640
634
629
621
617
608
595
594
581
567
560
548
537
522
504
492
474
461
445
433
500
382
2461
2450
2440
2432
2425
2411
2395
2381
2369
2348
2329
2309
2290
2263
2230
2207
2177
2146
2120
2076
2050
2013
1987
1948
1914
1874
1838
1793
1767
1727
1682
1654
1607
1559
1521
1485
1437
1393
1353
1307
1264
1225
1185
1139
1088
1041
997
945
897
854
807
750
712
660
611
550
512
459
410
2457
2437
2405
2372
2335
2297
2237
2184
2124
2070
2003
1948
1888
1832
1757
1704
1642
1573
1518
1457
1399
1326
1274
1207
1139
1080
1018
946
885
831
762
697
636
572
503
435
2460
2430
2397
2347
1214
1168
1126
1076
1027
977
932
888
843
786
747
691
650
597
546
497
444
392
2440
2426
2399
2362
2326
2279
2220
2166
2104
2053
1988
1927
1875
1815
1746
1687
1621
1559
1502
1437
1373
1315
1249
1188
1127
1062
993
936
875
810
751
680
614
549
494
426
2362
2421
2383
2338
2283
2213
2150
2078
2011
1945
1865
1797
1716
1648
1584
1507
1430
1364
1298
1220
1150
1076
1003
935
862
793
728
658
584
519
445
371
2419
2394
2352
2292
2222
2146
2067
2001
1926
1846
1776
1700
1633
1552
1471
1407
1329
1254
1180
1109
1038
963
894
820
758
686
611
542
468
400
2449
2415
2374
2321
2256
2181
2113
2038
1963
1899
1834
1751
1683
1607
1530
1465
1396
1318
1250
1181
1114
1040
981
913
847
777
716
638
591
526
463
397
2448
2420
2385
2341
2288
2214
2158
2091
2033
1983
1910
1838
1785
1727
1654
1598
1544
1474
1419
1353
1296
1233
1179
1118
1068
1013
955
899
851
794
738
689
635
581
542
487
439
393
2453
2431
2403
2378
2346
2308
2268
2215
2167
2123
2079
2031
1989
1951
1905
1860
1827
1778
1740
1706
1659
1613
1584
1542
1508
1466
1423
1395
1367
1325
1287
1258
730
688
624
577
527
475
431
379
2448
2425
2398
2369
2341
2295
2255
2204
2161
2115
2057
2017
1977
1938
1891
1852
1809
1777
1736
1685
1649
1608
1576
1533
1490
1461
1423
1379
1346
1320
1279
1244
1217
1183
1158
1131
1094
1070
1039
1011
989
958
934
901
888
865
841
819
800
777
759
738
722
702
686
673
650
639
623
609
595
585
571
562
561
544
534
523
511
503
497
495
486
486
482
476
467
467
463
465
463
467
463
465
465
473
469
477
485
484
493
497
504
514
523
530
542
551
563
573
583
596
607
621
635
650
670
678
703
721
734
755
778
798
814
836
860
882
907
929
953
980
1008
1028
1059
1087
1112
1142
1173
1207
1251
1278
1307
1342
1379
1407
1442
1484
1525
1556
1601
1637
1672
1721
1754
1803
1841
1884
1919
1962
2007
2057
2098
2138
2187
2234
2284
2321
2360
2390
2419
2439
2464
2466
1998
2513
500
628
677
726
777
831
886
942
996
1042
1100
1159
1214
1264
1329
1388
1453
1515
1579
1643
1697
1761
1823
1890
1947
2017
2077
2136
2192
2271
2326
2365
2408
2458
2470
1807
500
575
640
698
771
833
895
960
1023
1096
1160
1235
1307
1369
1442
1517
938
919
889
869
852
822
808
785
767
746
727
707
693
675
661
644
628
615
597
591
576
571
553
544
531
524
511
509
499
498
492
482
475
477
469
470
467
466
466
464
463
464
473
468
467
479
478
484
489
503
503
512
520
533
532
547
562
571
578
591
605
622
630
646
661
681
689
717
731
754
769
789
812
831
855
874
901
919
942
971
995
1025
1047
1073
1098
1135
1162
1189
1226
1262
1289
1329
1354
1394
1428
1474
1504
1539
1585
1620
1658
1706
1742
1785
1816
1873
1910
1949
1985
2037
2081
2123
2164
2216
2269
2308
2347
2379
2406
2433
2459
500
451
492
547
604
645
698
748
801
853
908
958
1015
1065
1129
1186
1242
1299
1352
1418
1481
1541
1601
1661
1722
1784
1851
1915
1977
2031
2101
2161
2222
2286
2345
2387
2420
2450
2479
2496
535
603
671
734
797
863
927
997
1061
1127
1193
1265
1328
1400
1469
1548
1621
1688
1766
1836
1910
1975
2047
2119
2194
2270
2329
2381
2418
2455
2482
878
2516
628
707
773
844
920
984
1061
1128
1201
1274
1347
1416
1492
1577
1650
1711
1799
1874
1951
2018
2095
2162
2238
2307
2361
2407
2436
2474
500
2204
611
685
754
500
500
596
659
727
797
870
940
1016
1084
1156
1230
1299
1375
1451
1522
1598
1676
1744
1825
1898
1970
2048
2119
2187
2264
2333
2380
2419
2457
2481
688
560
639
709
773
852
924
987
1053
1119
1197
1268
1339
1414
1484
1548
1621
1686
1769
1835
1905
1975
2045
2117
2191
2252
2313
2365
2409
2442
409
478
538
598
661
732
796
853
919
981
1041
1111
1171
1231
1294
1355
1418
1477
1542
1598
1667
1725
1784
1847
1909
1977
2028
2094
2144
2199
2254
2310
2351
2389
2414
2443
2413
500
500
522
588
636
685
732
776
828
873
924
970
1010
1058
1106
1149
1198
1237
1285
1329
1375
1418
1458
1498
1539
1574
1621
1661
1703
1733
1770
1809
1855
1888
1922
1959
1989
2027
2056
2096
2134
2160
2187
2214
2243
2272
2295
2322
2341
2360
2372
2390
2406
2414
2426
2436
2447
2456
2467
82
2475
2484
500
500
500
2504
1734
2510
500
500
500
565
584
597
611
611
623
631
636
640
655
655
656
658
657
662
663
667
667
665
655
663
660
657
650
649
641
635
623
622
611
606
594
587
575
564
551
540
529
517
500
486
463
456
584
455
401
2461
2454
2447
2441
2429
2416
2405
2393
892
848
792
748
700
652
603
552
503
448
394
2454
2432
2404
2369
2335
2283
2225
2179
2110
2057
1993
1943
1873
1803
1756
1699
1633
1564
1506
1446
1393
1323
1255
1196
1134
1068
1006
943
876
812
753
688
616
560
488
425
2453
2426
2389
2338
2285
2217
2148
2078
2013
1945
1873
1798
1729
1650
1581
1506
1436
1368
1287
1228
1155
1083
1014
943
868
800
731
665
588
517
450
376
2438
2401
2355
2298
2227
2157
2079
2015
1933
1860
1784
1712
1630
1561
1487
1409
1335
1262
1185
1119
1044
973
902
831
759
688
618
546
473
413
2473
2417
2379
2324
2266
2191
2119
2050
1967
1901
1834
1766
1691
1612
1542
1476
1400
1329
1260
1186
1121
1049
988
918
854
787
727
654
591
531
460
401
2450
2426
2396
2346
2296
2227
2161
2108
2034
1983
1912
1850
1793
1734
1668
1606
1540
1477
1421
1365
1297
1243
1194
1124
1071
1015
965
905
850
790
745
694
641
593
547
494
445
399
2452
2431
2405
2380
2348
2306
2268
2219
2181
2127
2080
2029
1994
1949
1904
1869
1823
1784
1741
1702
1663
1620
1587
1549
1510
1470
1436
1401
1362
1328
1293
1256
1223
1201
1165
1129
1104
1073
901
872
849
832
808
786
764
748
732
712
695
679
665
645
626
620
600
591
580
565
556
547
534
524
519
516
500
490
487
485
479
478
472
469
472
469
466
464
462
467
471
467
470
474
479
486
487
494
502
511
519
530
533
543
550
568
582
589
598
615
632
644
661
673
698
713
724
747
770
784
802
826
848
871
893
922
938
969
990
1015
1046
1071
1101
1126
1162
1191
1229
1256
1282
1315
1356
1392
1422
1466
1505
1537
1585
1624
1652
1700
1730
1776
1819
1857
1901
1938
1984
2028
2067
2119
2162
2210
2260
2302
2342
2373
2403
2431
2452
392
444
487
537
589
634
690
739
793
847
900
954
1009
1066
1118
1177
1236
1288
1353
1414
1472
1528
1598
1659
1715
1785
1844
1898
1965
2031
2094
2155
2218
2284
2335
2378
2417
2460
2474
500
500
590
652
720
788
853
921
985
1045
1114
1183
1257
1319
1389
1455
1530
1612
1670
1748
1820
1891
1969
2037
2104
2176
2251
2315
2372
2414
2449
2476
500
831
614
686
756
819
898
971
1036
1106
1177
1257
1330
1400
1472
1553
1632
1701
1767
1847
1923
2005
2065
2139
2212
2291
2349
2396
2435
2467
1880
2510
592
669
736
810
877
1776
1834
1916
1981
2054
2131
2197
2279
2334
2380
2422
2457
500
500
500
633
705
773
845
914
982
1061
1127
1197
1269
1347
1416
1490
1564
1649
1715
1785
1865
1949
2011
2090
2159
2230
2309
2358
2405
2442
2472
500
2367
608
681
749
816
890
960
1031
1091
1165
1239
1316
1385
1455
1524
1605
1672
1742
1820
1881
1954
2035
2093
2161
2232
2296
2350
2399
2430
2459
446
510
583
645
703
773
837
896
960
1016
1089
1152
1214
1268
1330
1399
1456
1513
1578
1641
1711
1763
1825
1893
1947
2001
2069
2124
2180
2236
2286
2336
2376
2408
2437
2459
2479
463
511
570
619
667
714
769
814
863
912
943
1000
1050
1095
1145
1181
1229
1271
1321
1360
1403
1447
1489
1524
1567
1610
1653
1692
1728
1769
1802
1844
1875
1913
1946
1983
2022
2050
2087
2123
2145
2177
2207
2235
2263
2291
2313
2334
2350
2370
2388
2400
2409
2425
2435
2447
2448
2461
2468
2475
2483
500
466
484
497
517
522
536
548
557
572
572
586
601
611
619
629
633
640
640
651
652
656
662
658
665
663
667
662
661
660
660
653
648
644
637
636
622
621
616
606
593
591
576
568
554
541
535
522
510
495
1988
1918
1846
1803
1729
1666
1610
1546
1482
1424
1357
1290
1235
1175
1107
1046
973
916
854
787
725
661
594
537
464
399
2442
2414
2368
2323
2265
2197
2124
2055
1984
1915
1845
1778
1693
1636
1558
1484
1413
1338
1273
1198
1131
1055
984
917
851
776
704
637
569
493
418
2459
2423
2384
2339
2272
2197
2136
2042
1977
1907
1831
1753
1681
1600
1529
1454
1383
1310
1233
1161
1085
1016
944
869
804
730
657
591
517
447
500
2437
2401
2362
2307
2227
2168
2090
2018
1956
1876
1801
1732
1662
1588
1517
1449
1373
1308
1235
1162
1086
1027
960
896
831
765
692
634
570
510
444
379
2441
2412
2376
2327
2273
2209
2148
2080
2017
1960
1890
1830
1772
1708
1650
1585
1526
1465
1393
1345
1279
1220
1159
1106
1049
1003
941
889
829
782
730
676
628
575
528
479
420
380
2427
2425
2398
2365
2338
2299
2250
2201
2157
2115
2065
2019
1980
1934
1890
1850
1817
1775
1735
1698
1653
1607
1571
1540
1499
1462
1421
1384
1349
1318
1278
1245
1222
1185
1156
1119
1093
1065
1036
1017
994
957
931
911
886
864
839
821
802
780
763
740
725
708
689
676
653
636
622
609
593
527
545
547
565
578
588
600
614
620
643
662
677
698
715
727
748
768
787
804
828
848
867
893
918
941
972
987
1018
1045
1074
1102
1132
1157
1190
1223
1256
1291
1322
1357
1392
1423
1475
1501
1547
1588
1625
1661
1693
1736
1775
1822
1866
1906
1945
1988
2027
2077
2116
2169
2214
2255
2302
2342
2373
2405
2432
2452
500
442
490
535
588
641
691
741
795
850
901
946
1009
1060
1117
1172
1231
1290
1360
1407
1471
1526
1594
1653
1713
1779
1838
1902
1960
2028
2089
2152
2214
2279
2333
2380
2417
500
2474
2496
500
583
660
715
784
856
907
975
1045
1113
1179
1251
1320
1391
1457
1531
1602
1684
1744
1823
1887
1968
2033
2102
2180
2255
2317
2372
2413
2450
60
500
854
606
682
753
815
892
964
1026
1100
1176
1252
1326
1396
1470
1546
1621
1694
1774
1843
1910
1997
2055
2142
2207
2285
2337
2396
2435
2468
2469
2515
589
661
736
805
874
945
1019
1079
1152
1225
1290
1362
1432
1514
1584
1657
1719
1798
1871
1941
2012
2081
2143
2216
2284
2340
2387
2423
2455
418
502
569
626
693
757
825
878
946
1006
1067
1135
1198
1259
1320
1384
1447
1505
1560
1626
1691
1377
1422
1464
1507
1545
1588
1628
1668
1706
1747
1788
1822
1861
1899
1933
1969
2005
2040
2063
2095
2131
2164
2194
2224
2250
2279
2303
2322
2344
2367
2377
2396
2399
2415
2431
2444
2449
2460
2465
2473
2480
2480
500
2118
500
2444
500
2462
500
2454
500
2308
595
608
612
621
624
635
642
639
650
651
659
657
654
662
665
664
668
663
664
661
657
647
654
644
639
631
627
616
609
603
591
586
568
562
549
537
526
512
493
484
464
449
500
418
397
500
2454
2445
2439
2426
2416
2403
2386
2363
2358
2334
2317
2289
2265
2239
2211
2183
2158
2125
2095
2056
2026
1986
1956
1917
1887
1850
1810
1774
1735
1691
1658
1614
1571
1530
1501
1447
1409
1366
1325
1279
1239
1193
1149
1103
1053
1003
963
912
867
818
773
724
664
617
573
523
470
415
367
2442
2417
2388
2348
2305
2253
2195
2137
2077
2021
1969
1910
1847
1787
1727
1660
1595
1535
1474
1416
1355
1290
1222
1162
1097
1037
972
912
843
785
715
654
581
528
464
422
2436
2408
2365
2308
2249
2177
2114
2046
1976
1906
1832
1758
1684
1614
1543
1472
1397
1327
1258
1179
1114
1044
975
902
832
770
690
1687
1621
1570
1499
1436
1382
1319
1258
1201
1139
1090
1033
975
925
872
820
764
714
661
610
560
495
466
413
2461
2439
2415
2392
2358
2320
2286
2239
2186
2135
2096
2045
2008
1968
1923
1881
1843
1795
1761
1724
1675
1640
1597
1560
1522
1484
1444
1412
1373
1337
1306
1266
1239
1208
1176
1141
1115
1086
1057
1028
1004
980
948
925
904
877
855
836
817
793
773
752
734
714
700
686
667
644
638
626
612
592
577
567
558
545
537
527
519
512
504
499
492
485
482
475
474
473
465
461
468
463
464
464
467
470
466
475
480
485
490
491
498
506
516
521
533
539
551
569
575
583
602
618
629
640
654
675
691
707
724
750
762
781
802
821
845
865
889
913
932
957
991
1012
1048
1068
1100
1124
1155
1190
1216
1251
1275
1313
1351
1382
1421
1462
1495
1541
1571
1612
1652
1687
1730
1775
1806
1866
1886
1945
1975
2025
2065
2107
2157
2198
2251
2297
2333
2370
2400
2423
2446
2467
427
483
534
586
635
682
736
780
840
893
945
1002
1051
1104
1161
1223
1278
1337
1396
1455
1523
1588
1648
1702
1773
1826
1892
1960
2017
2072
2150
2207
2272
2329
2374
2409
2442
2255
2168
2238
2299
2353
2392
2426
2459
2481
2499
500
617
683
743
805
875
937
1003
1071
1155
1206
1271
1345
1415
1485
1570
1631
1705
1774
1850
1926
1987
2064
2129
2204
2279
2338
2388
2428
2463
60
491
565
633
710
774
845
922
985
1058
1130
1204
1271
1351
1419
1499
1569
1644
1729
1801
1869
1951
2034
2093
2164
2241
2314
2367
2406
2444
2477
2498
500
621
693
751
824
896
965
1032
1103
1179
1247
1318
1388
1458
1526
1603
1678
1753
1815
1888
1966
2017
2098
2167
2233
2302
2354
2398
2434
2464
446
520
579
651
712
781
840
896
961
1025
1085
1151
1213
1272
1338
1401
1467
1530
1591
1648
1717
1768
1840
1896
1950
2017
2071
2121
2183
2243
2297
2340
2381
2410
2437
2461
2482
2501
500
577
628
673
726
764
820
870
914
961
1005
1058
1097
1147
1181
1235
1282
1322
1365
1408
1452
1494
1529
1565
1614
1651
1694
1726
1770
1806
1848
1890
1910
1953
1988
2030
2057
2088
2114
2146
2182
2214
2237
2265
2291
2316
2333
2353
2369
2390
2400
2413
2426
2438
2449
2456
2464
500
2478
2485
500
542
500
2524
2479
2518
500
1746
500
1959
589
597
607
618
618
631
640
388
2458
2449
2442
2433
2424
2425
2394
2381
2367
2349
2328
2306
2279
2253
2225
2205
2166
2138
2109
2081
2048
2014
1976
1941
1900
1869
1834
1791
1757
1726
1678
1639
1599
1562
1516
1478
1437
1388
1356
1307
1260
1221
1176
1126
1079
1034
989
937
888
848
801
757
708
653
604
548
500
453
401
2452
2433
2406
2372
2336
2288
2226
2174
2121
2058
2008
1945
1877
1820
1766
1703
1637
1572
1519
1461
1390
1325
1264
1204
1138
1075
1003
946
875
826
759
692
627
566
499
437
2457
2425
2395
2346
2293
2223
2142
2093
2029
1946
1874
1806
1722
1664
1592
1510
1445
1370
1303
1232
1161
1090
1016
947
876
808
741
660
591
532
451
379
2439
2404
2360
2307
2228
2156
2087
2004
1937
1862
1795
1716
1638
1558
1487
1413
1337
1266
1193
1117
1044
975
904
833
756
690
622
555
480
407
2451
2420
2381
2330
2268
2193
2119
2053
1973
1904
1839
1763
1698
1618
1558
1478
1405
1335
1267
1199
1123
1055
987
924
859
793
724
666
596
533
469
404
2453
2425
2394
2349
2294
2236
2168
2103
2042
1985
1917
1856
1795
1726
1669
1610
1542
1487
1418
1357
1302
1251
1187
1139
1071
516
508
509
498
495
487
480
474
474
469
467
464
465
467
462
461
463
471
473
472
479
486
487
494
498
502
512
523
535
535
551
563
574
583
599
609
621
637
654
667
684
704
717
736
757
773
797
819
838
864
885
911
929
956
980
1006
1035
1066
1092
1119
1148
1180
1210
1241
1279
1308
1341
1374
1409
1445
1487
1523
1560
1600
1636
1680
1723
1757
1804
1843
1880
1915
1975
2010
2049
2101
2155
2192
2238
2280
2324
2361
2393
2417
2441
500
414
468
516
565
615
665
717
769
820
871
930
981
1027
1092
1144
1196
1268
1316
1379
1446
1497
1570
1626
1692
1754
1802
1874
1933
1986
2057
2119
2185
2251
2306
2357
2399
2434
2462
2484
500
621
628
689
754
821
884
948
1017
1083
1149
1223
1294
1362
1429
1498
1586
1630
1718
1798
1861
1929
2003
2074
2140
2216
2288
2346
2395
2433
2463
120
510
587
651
718
788
869
937
1001
1074
1142
1222
1288
1366
1440
1512
1591
1661
1749
1813
1887
1960
2036
2110
2185
2260
2325
2377
2418
2451
500
500
2532
629
701
768
845
907
976
1044
1118
1192
1257
1330
1406
1473
1539
1619
1683
1766
1823
1899
1969
2046
2126
2182
2251
1623
1666
1711
1746
1784
1823
1865
1903
1932
1971
1996
2044
2066
2103
2134
2166
2196
2225
2247
2276
2304
2329
2346
2363
2378
2396
2408
2420
2431
2440
2450
2460
2468
2476
2481
500
500
2494
2214
500
522
538
548
560
562
585
586
604
609
617
622
631
637
642
651
652
652
660
659
660
664
663
664
666
661
661
659
648
635
639
638
633
629
619
613
608
595
587
577
564
549
540
529
513
496
483
465
453
439
420
398
378
400
2446
2441
2420
2417
2403
2389
2375
2358
2336
2319
2296
2269
2247
2222
2190
2153
2129
2098
2063
2030
1998
1969
1921
1888
1860
1812
1774
1741
1703
1663
1621
1573
1542
1499
1455
1419
1378
1329
1285
1239
1198
1150
1108
1050
1019
971
918
869
826
777
730
674
634
581
533
484
425
379
2444
2422
2392
2356
2310
2259
2204
2159
2092
2033
1977
1910
1852
1790
1724
1667
1605
1541
1483
1423
1362
1296
1241
1173
1110
1052
981
920
851
789
723
656
601
536
471
406
2443
2412
2374
2328
2259
2198
2130
2058
1988
1912
1849
1780
1695
1627
1560
1489
1411
1342
1273
1204
1123
1052
989
914
849
775
705
633
566
491
427
500
2426
2389
2336
2277
2324
2265
2202
2138
2069
2009
1946
1884
1820
1764
1701
1627
1579
1509
1448
1392
1334
1273
1213
1156
1106
1042
991
932
879
830
780
723
669
619
573
521
472
423
2466
2445
2421
2396
2364
2329
2288
2245
2197
2145
2109
2057
2016
1976
1928
1883
1847
1801
1769
1723
1699
1644
1609
1567
1537
1494
1458
1418
1380
1344
1311
1276
1242
1213
1181
1151
1124
1091
1067
1034
1007
981
953
933
911
882
865
841
818
800
775
761
737
726
702
684
674
656
639
622
609
593
580
576
558
551
536
528
521
514
501
499
495
487
484
477
469
474
469
466
467
461
467
467
466
465
473
474
477
478
484
491
504
504
514
523
533
542
546
565
570
584
598
614
627
637
655
670
688
705
721
744
763
777
795
820
835
865
893
910
934
962
981
1007
1036
1058
1087
1115
1154
1181
1210
1239
1269
1314
1340
1385
1410
1444
1489
1526
1569
1608
1641
1687
1719
1765
1797
1841
1888
1933
1971
2013
2052
2092
2148
2193
2248
2288
2325
2363
2394
2422
2441
2464
424
475
521
577
621
680
726
775
830
883
934
991
1047
1097
1152
1204
1272
1324
1394
1442
1506
1575
1642
1691
1763
1818
1878
1933
2270
2338
2384
2422
2461
2485
506
580
651
714
792
854
925
1004
1059
1137
1203
1280
1344
1413
1493
1560
1629
1702
1778
1845
1929
1990
2055
2133
2198
2262
2328
2375
2430
2448
2477
489
555
610
683
743
804
873
933
994
1055
1118
1182
1242
1303
1360
1427
1489
1554
1609
1671
1735
1799
1863
1924
1979
2041
2093
2157
2212
2263
2313
2360
2414
2422
2449
2471
500
842
500
590
645
687
741
797
830
882
936
974
1016
1070
1119
1160
1207
1251
1301
1329
1379
1420
1469
1508
1537
1584
1630
1669
1704
1741
1789
1814
1864
1892
1933
1968
2000
2038
2071
2105
2130
2165
2193
2223
2248
2273
2302
2324
2343
2361
2378
2393
2407
2418
2428
2441
2448
500
2465
2471
500
436
457
478
488
502
520
534
545
555
564
578
584
602
606
616
622
625
639
641
648
653
656
657
664
663
663
670
668
665
664
662
660
653
651
647
645
632
627
620
610
602
598
584
582
564
553
539
537
519
503
487
473
458
439
421
410
537
2456
2450
2442
2432
2419
2406
2393
2378
2362
2341
2319
2304
2273
2243
2224
2195
2170
2130
2101
2068
2034
1998
1957
1929
1897
1858
1822
1784
1744
1718
1663
1752
1683
1593
1533
1458
1377
1311
1234
1159
1091
1016
939
876
799
730
662
585
520
447
373
2437
2392
2357
2301
2233
2164
2089
2021
1952
1875
1809
1736
1661
1584
1517
1438
1369
1301
1227
1166
1093
1027
955
894
830
760
696
636
567
503
442
384
2442
2412
2375
2323
2273
2213
2146
2080
2014
1959
1893
1830
1770
1705
1648
1578
1518
1457
1401
1334
1283
1223
1160
1105
1053
997
944
884
831
785
728
678
635
575
532
478
426
380
2446
2427
2401
2369
2338
2304
2255
2202
2163
2114
2068
2022
1976
1942
1889
1852
1814
1770
1735
1699
1656
1602
1571
1528
1502
1451
1420
1396
1355
1319
1284
1253
1213
1188
1158
1122
1093
1067
1041
1010
984
959
937
912
883
866
842
820
801
782
765
741
727
702
692
671
649
642
623
609
597
583
574
561
558
539
533
525
515
507
497
496
486
478
474
474
470
465
464
464
466
466
464
468
469
476
471
476
480
485
493
496
503
514
522
532
541
548
562
573
582
597
607
622
635
653
670
688
704
716
735
757
775
796
816
839
860
883
903
930
955
979
1005
1032
1054
1088
1114
1149
1173
1191
1238
1271
1312
1340
1376
1407
1436
1478
500
2498
649
724
789
870
935
1005
1073
1147
1219
1293
1371
1441
1516
1593
1676
1744
1814
1893
1966
2047
2117
2188
2264
2325
2376
2423
2458
2482
2506
545
641
711
784
853
918
994
1058
1117
1198
1264
1336
1412
1485
1553
1622
1692
1776
1836
1907
1982
2046
2120
2191
2259
2320
2368
2408
2444
2468
474
545
606
665
729
799
857
920
984
1050
1110
1172
1230
1296
1356
1416
1479
1546
1603
1667
1729
1794
1854
1914
1969
2032
2088
2149
2199
2251
2311
2353
2390
2419
2445
2460
2482
2500
500
592
645
683
739
791
834
886
930
971
1020
1066
1109
1157
1197
1245
1289
1333
1374
1421
1458
1504
1546
1588
1622
1661
1718
1747
1785
1820
1861
1899
1933
1963
2002
2034
2063
2099
2134
2163
2192
2218
2247
2274
2299
2320
2341
2358
2380
2391
2406
2416
2430
2439
2451
2456
2464
60
2478
439
453
475
486
503
520
526
542
556
562
572
590
596
609
617
620
629
637
638
648
650
653
656
663
661
669
660
665
665
661
665
658
657
651
644
641
634
626
620
611
603
595
588
576
565
553
539
528
513
503
481
473
450
439
422
408
2459
2455
2450
2442
2428
2419
2405
2395
2377
1930
1969
2002
2035
2070
2094
2135
2167
2194
2224
2247
2270
2303
2324
2345
2359
2377
2395
2407
2420
2430
2439
2447
2458
500
2471
2482
63
461
480
493
504
517
528
544
560
565
578
593
596
608
615
620
630
635
645
646
651
655
657
673
665
666
663
665
664
669
658
662
655
653
649
638
634
630
621
615
605
596
584
571
562
557
538
528
517
498
487
469
454
434
422
394
378
2457
2449
2438
2429
2417
2405
2392
2377
2362
2342
2318
2298
2271
2247
2223
2191
2159
2129
2101
2064
2035
2005
1964
1927
1888
1855
1816
1784
1743
1708
1671
1629
1585
1546
1502
1465
1426
1377
1337
1292
1245
1201
1153
1113
1068
1016
974
924
877
830
784
736
682
638
585
534
485
431
383
2447
2422
2394
2360
2315
2265
2210
2156
2099
2036
1976
1918
1859
1796
1747
1675
1613
1547
1489
1433
1371
1301
1245
1181
1114
1053
988
927
860
798
737
672
601
545
479
414
2446
2427
2373
2327
2276
2198
2134
2064
1989
1925
1858
1778
1700
1633
1563
1497
1420
1343
1276
1210
1122
1063
984
920
856
781
716
641
575
502
429
2457
2425
2388
2342
2279
2201
2130
2059
1984
1917
1835
1765
1692
2430
2398
2363
2325
2277
2218
2159
2108
2050
1991
1931
1877
1803
1743
1684
1620
1559
1503
1433
1377
1313
1249
1184
1131
1063
1001
930
877
812
741
684
612
555
487
415
2455
2421
2385
2341
2278
2207
2145
2071
2003
1929
1859
1785
1717
1651
1579
1508
1435
1361
1277
1223
1149
1079
1007
932
861
795
725
644
587
514
444
367
2430
2400
2351
2293
2219
2150
2081
1999
1928
1854
1776
1695
1624
1547
1478
1404
1323
1254
1179
1114
1030
964
890
820
751
677
608
541
468
402
2444
2415
2391
2325
2255
2183
2109
2039
1958
1899
1823
1750
1687
1610
1529
1463
1390
1319
1251
1187
1110
1046
978
911
845
787
717
649
582
523
471
1645
2447
2417
2375
2336
2276
2223
2149
2087
2025
1959
1904
1844
1779
1723
1658
1597
1532
1470
1406
1353
1287
1232
1175
1117
1064
1009
950
896
842
795
739
687
639
585
539
485
437
500
2453
2429
2403
2376
2346
2308
2262
2209
2170
2120
2080
2038
1984
1947
1910
1845
1826
1779
1740
1695
1670
1623
1576
1540
1500
1469
1419
1393
1360
1327
1290
1253
1224
1190
1158
1134
1103
1070
1041
1019
989
968
938
918
890
870
848
827
652
673
693
708
725
743
764
783
803
824
843
867
894
917
944
962
989
1008
1040
1065
1096
1124
1153
1189
1219
1251
1279
1323
1353
1386
1426
1453
1499
1538
1573
1610
1651
1689
1730
1773
1817
1846
1896
1941
1975
2025
2060
2113
2156
2204
2256
2297
2335
2369
2401
2425
2449
2471
436
482
530
592
640
691
737
790
842
894
949
1005
1057
1108
1169
1224
1284
1347
1403
1467
1522
1590
1650
1711
1775
1839
1904
1961
2023
2084
2141
2219
2275
2330
2377
2413
2445
2473
500
2399
582
652
711
775
844
909
978
1041
1100
1179
1243
1311
1380
1449
1532
1600
1664
1745
1815
1890
1959
2029
2099
2177
2250
2311
2369
2410
2446
2473
2498
500
611
683
755
826
893
962
1033
1107
1181
1255
1325
1404
1472
1550
1628
1705
1776
1852
1924
1994
2073
2146
2216
2289
2350
2394
2434
500
446
520
594
658
725
795
871
935
1007
1080
1146
1218
1291
1357
1427
1499
1572
1648
1714
1793
1868
1933
2002
2081
2143
2203
2279
2332
2381
2420
2450
427
498
561
619
686
751
818
878
935
1004
1063
1128
1190
1253
1319
1376
1438
1501
1562
1621
1692
1747
1808
1871
1931
1984
2047
2108
2162
404
450
469
487
496
503
527
537
550
554
574
586
597
604
611
620
632
630
642
643
647
660
660
659
660
666
665
659
668
666
664
654
657
652
645
642
637
629
624
615
607
600
588
579
568
555
538
530
518
504
491
478
458
448
429
411
392
874
2454
2445
2431
2421
2410
2396
2384
2370
2350
2332
2310
2285
2257
2226
2208
2168
2142
2114
2087
2053
2013
1976
1951
1916
1877
1841
1799
1760
1726
1680
1641
1599
1561
1525
1480
1446
1403
1354
1312
1271
1226
1183
1136
1088
1039
996
950
898
856
802
758
705
664
606
559
514
462
408
2474
2437
2411
2374
2335
2293
2237
2182
2120
2071
2009
1949
1893
1831
1765
1710
1641
1585
1516
1454
1396
1333
1270
1205
1147
1078
1019
960
894
827
775
700
638
571
509
432
2457
2428
2393
2354
2298
2229
2168
2096
2027
1957
1882
1813
1739
1666
1598
1522
1450
1384
1310
1237
1173
1103
1028
953
885
813
742
677
599
535
458
500
2441
2406
2371
2307
2238
2167
2094
2022
1941
1875
1798
1725
1649
1575
1496
1414
1352
1274
1206
1125
1056
987
906
838
775
702
625
558
491
422
2458
2422
2385
2336
2275
2201
2123
2054
1987
1921
1227
1172
1106
1056
999
943
898
841
783
735
679
631
584
532
479
432
387
2453
2436
2402
2373
2342
2299
2257
2211
2163
2121
2072
2016
1978
1941
1896
1853
1796
1774
1738
1694
1658
1612
1577
1534
1496
1459
1426
1383
1349
1313
1286
1256
1217
1195
1150
1126
1100
1070
1044
1010
986
959
935
918
892
867
847
821
806
784
765
740
726
708
690
670
657
643
630
616
602
585
570
564
552
543
530
515
518
509
500
489
489
483
479
474
472
467
462
463
466
464
462
470
471
472
470
477
478
484
488
498
505
507
516
524
538
548
558
568
581
592
610
620
635
651
665
685
695
713
737
748
770
796
817
831
855
877
900
926
948
977
998
1026
1054
1081
1113
1141
1168
1197
1241
1271
1298
1335
1369
1405
1446
1480
1526
1559
1592
1633
1674
1712
1754
1796
1835
1867
1924
1962
2003
2053
2086
2133
2180
2228
2274
2317
2351
2384
2416
2437
2460
2481
500
2332
500
618
670
715
767
821
874
928
979
1031
1082
1135
1202
1254
1319
1377
1434
1502
1562
1618
1686
1754
1808
1869
1932
1992
2057
2119
2179
2248
2309
2359
2399
2431
2462
500
2454
800
620
688
754
817
881
954
2017
2055
2099
2136
2190
2232
2284
2326
2360
2391
2422
2443
2463
416
474
522
577
623
673
722
776
830
882
940
992
1043
1094
1156
1210
1268
1324
1385
1453
1508
1574
1643
1697
1764
1813
1873
1944
2003
2066
2129
2190
2260
2320
2367
2405
2436
2467
500
2232
557
630
698
763
833
895
962
1024
1088
1165
1231
1298
1365
1434
1517
1580
1647
1726
1807
1865
1948
2011
2083
2158
2224
2294
2354
2399
2434
2463
414
516
588
665
730
801
871
945
1015
1080
1157
1227
1302
1376
1447
1520
1604
1680
1752
1829
1891
1975
2041
2122
2191
2266
2332
2381
2413
2457
500
497
569
639
706
779
853
916
989
1058
1115
1202
1262
1337
1413
1485
1555
1621
1697
1771
1839
1907
1976
2049
2121
2187
2262
2319
2371
2410
2432
2467
2491
500
607
674
737
796
862
927
991
1054
1107
1174
1237
1296
1360
1421
1482
1557
1607
1678
1732
1787
1850
1914
1973
2027
2090
2148
2206
2264
2313
2354
2392
2421
2447
2470
437
488
542
586
638
685
745
781
840
874
930
972
1020
1063
1115
1159
1202
1249
1286
1336
1379
1422
1459
1504
1542
1587
1627
1664
1701
1745
1780
1829
1854
1887
1931
1973
532
538
547
570
577
587
602
607
614
622
633
634
636
648
653
660
657
663
663
674
667
663
663
659
666
663
660
653
647
643
633
631
625
616
604
603
586
575
575
563
544
533
518
509
488
473
463
438
425
500
380
2459
500
2440
2433
2424
2411
2398
2385
2369
2350
2330
2307
2286
2256
2226
2208
2173
2146
2110
2081
2048
2020
1980
1943
1903
1870
1832
1796
1766
1724
1678
1637
1602
1557
1524
1477
1438
1394
1354
1308
1260
1226
1181
1126
1083
1035
990
946
896
851
804
752
696
661
601
553
508
457
500
2474
2434
2406
2372
2335
2291
2230
2174
2121
2061
2001
1943
1887
1821
1757
1698
1633
1576
1515
1450
1389
1332
1269
1207
1143
1074
1012
949
886
826
759
696
628
563
499
436
2455
2429
2388
2345
2294
2228
2156
2089
2023
1945
1872
1807
1729
1660
1595
1521
1448
1379
1304
1241
1161
1090
1022
949
882
809
736
663
599
524
453
383
2438
2405
2357
2304
2227
2157
2088
2007
1935
1864
1788
1719
1640
1556
1488
1410
1332
1261
1195
1122
1043
975
909
827
759
688
617
551
485
413
2451
2419
2380
2329
2268
2192
2123
2049
1979
1911
1843
1761
1699
1616
1548
1102
1050
998
938
887
831
781
730
682
622
577
524
474
426
375
2446
2427
2400
2370
2338
2296
2254
2202
2154
2110
2065
2026
1988
1939
1891
1854
1806
1775
1737
1695
1647
1608
1578
1535
1492
1461
1422
1382
1355
1313
1284
1247
1219
1185
1156
1127
1094
1067
1042
1021
985
956
939
911
890
866
844
819
803
779
758
743
727
706
689
673
654
641
626
614
600
585
572
559
555
540
527
520
513
509
498
497
487
479
475
471
470
468
466
463
463
465
462
462
466
472
473
477
478
487
497
505
502
511
521
529
540
552
562
571
583
592
608
622
637
655
673
689
700
720
740
758
771
797
818
841
856
883
909
928
954
980
1008
1031
1063
1086
1118
1151
1176
1205
1242
1271
1308
1342
1374
1406
1449
1491
1524
1559
1600
1645
1677
1719
1755
1800
1853
1886
1927
1961
2013
2058
2093
2144
2189
2236
2278
2324
2362
2393
2419
2442
500
420
464
517
566
615
669
714
767
821
883
928
985
1038
1090
1146
1199
1260
1315
1387
1436
1504
1562
1632
1689
1746
1811
1871
1931
2002
2062
2114
2185
2255
2309
2360
2401
2436
771
2486
2509
551
625
691
762
814
884
951
1009
1080
1149
1945
2023
2100
2174
2240
2311
2372
2413
2444
2466
477
540
616
690
758
831
895
966
1039
1104
1178
1252
1321
1389
1460
1537
1616
1678
1746
1828
1889
1962
2039
2099
2177
2240
2301
2362
2401
2434
500
458
515
593
655
710
770
841
901
965
1030
1090
1157
1225
1280
1341
1405
1473
1536
1590
1651
1715
1775
1830
1894
1952
2021
2075
2129
2189
2246
2296
2339
2378
2409
2439
2465
500
500
2513
568
619
667
720
772
817
863
920
955
1004
1050
1090
1142
1185
1233
1276
1320
1362
1397
1447
1489
1525
1577
1607
1648
1688
1728
1765
1803
1845
1879
1914
1948
1985
2023
2053
2087
2117
2151
2180
2208
2236
2260
2292
2316
2333
2338
2375
2387
2397
2413
2423
2432
2444
2455
2460
2471
2003
436
451
471
484
499
511
532
536
552
561
572
586
599
605
619
617
624
632
637
648
649
651
661
663
657
667
665
662
663
664
654
657
654
650
640
640
635
628
622
615
610
596
591
579
568
556
541
530
521
497
488
482
496
444
426
423
389
2456
2453
2445
2434
2419
2410
2397
2382
2372
2346
2330
2308
2282
2260
2231
2209
2179
2141
2108
2084
2051
2004
1983
1942
1903
1872
1835
886
833
765
701
640
559
515
440
500
2427
2396
2351
2305
2228
2164
2101
2026
1962
1884
1816
1743
1673
1601
1522
1455
1386
1311
1249
1170
1095
1027
956
887
814
748
677
602
534
465
391
2442
2408
2368
2312
2245
2168
2089
2019
1948
1883
1804
1726
1651
1574
1499
1423
1359
1277
1205
1131
1054
986
916
841
771
701
631
561
491
426
355
2424
2393
2339
2283
2206
2134
2063
2001
1917
1859
1786
1711
1640
1566
1487
1415
1346
1281
1207
1141
1075
1004
936
867
806
740
676
610
543
484
500
500
2434
2401
2358
2311
2252
2183
2123
2063
1996
1931
1871
1802
1754
1683
1627
1559
1501
1441
1377
1319
1259
1199
1141
1086
1029
974
920
868
810
760
712
658
616
557
512
460
410
360
2438
2417
2391
2362
2323
2284
2238
2181
2143
2096
2054
2009
1965
1930
1881
1840
1801
1763
1719
1681
1630
1602
1551
1527
1488
1442
1413
1382
1341
1306
1275
1241
1208
1177
1149
1119
1089
1059
1028
1001
981
942
926
904
885
856
835
813
793
776
758
739
719
701
684
664
651
640
618
613
591
579
574
555
551
542
528
519
511
504
499
494
486
478
480
478
470
471
467
466
465
470
1811
1876
1936
2001
2060
2121
2194
2258
2314
2363
2404
2435
2460
500
1888
550
627
693
758
824
887
956
1018
1089
1159
1222
1292
1364
1442
1513
1577
1642
1724
1795
1863
1937
2005
2076
2139
2223
2295
2349
2400
2436
2045
447
517
589
659
732
795
869
938
1011
1076
1150
1223
1300
1368
1449
1512
1595
1670
1748
1823
1893
1977
2045
2114
2187
2265
2330
2381
2420
2456
500
493
563
638
701
769
847
919
986
1050
1124
1192
1263
1335
1405
1476
1556
1615
1691
1764
1839
1906
1981
2048
2116
2186
2254
2316
2366
2407
2440
2471
464
543
607
664
728
787
859
921
979
1046
1104
1167
1233
1296
1354
1419
1481
1540
1596
1664
1721
1790
1843
1907
1970
2029
2093
2149
2204
2255
2311
2352
2387
2420
2447
2470
2481
2506
533
598
644
691
738
783
842
881
925
973
1022
1068
1114
1158
1207
1249
1291
1326
1375
1421
1460
1502
1540
1587
1628
1654
1708
1748
1776
1821
1861
1893
1933
1970
1995
2032
2069
2097
2126
2164
2197
2222
2246
2273
2298
2319
2342
2357
2378
2390
2406
2415
2428
2438
2449
2459
2464
2472
2480
425
462
470
490
504
514
529
545
561
565
583
594
646
650
657
657
660
661
664
666
659
661
664
656
653
654
653
645
635
636
626
618
608
601
586
581
578
556
555
538
527
511
493
481
470
448
438
1663
392
2462
2453
2449
2440
2425
2413
2403
2388
2374
2353
2337
2313
2292
2263
2233
2209
2182
2149
2116
2089
2052
2019
1984
1952
1912
1880
1841
1803
1772
1732
1692
1656
1614
1578
1526
1493
1447
1403
1365
1323
1280
1235
1191
1144
1096
1055
1004
958
910
860
818
772
719
666
620
578
524
470
500
500
2439
2415
2386
2348
2305
2253
2196
2141
2085
2023
1963
1909
1843
1782
1723
1660
1595
1539
1479
1409
1359
1288
1225
1159
1098
1034
968
905
842
778
715
652
590
527
452
399
2437
2407
2362
2308
2252
2177
2112
2048
1974
1909
1839
1764
1685
1615
1544
1472
1404
1333
1261
1190
1115
1044
981
907
833
761
696
623
562
482
414
2450
2419
2369
2328
2260
2191
2111
2039
1958
1904
1830
1743
1677
1591
1514
1446
1370
1295
1220
1143
1076
1002
923
858
785
714
651
574
499
431
372
2433
2400
2351
2291
2225
2154
2077
2015
1936
1870
1798
1731
1657
1582
1506
1433
1361
1301
1224
1151
1091
1018
953
885
815
750
1565
1507
1448
1387
1323
1259
1198
1138
1068
1015
946
883
815
748
695
621
558
497
433
2456
2422
2387
2338
2288
2216
2147
2079
2005
1943
1884
1800
1723
1656
1588
1510
1439
1372
1295
1228
1159
1083
1020
943
863
805
731
659
594
521
451
379
2436
2404
2356
2302
2226
2151
2079
2005
1929
1856
1787
1705
1639
1560
1474
1416
1332
1263
1183
1116
1046
967
897
823
754
687
615
545
471
403
2440
2417
2378
2326
2267
2186
2123
2048
1969
1905
1835
1755
1690
1620
1541
1470
1404
1327
1259
1190
1121
1053
983
912
854
786
723
660
595
528
462
481
2453
2425
2389
2348
2293
2231
2170
2102
2039
1985
1919
1841
1787
1730
1662
1607
1543
1483
1420
1359
1308
1244
1189
1131
1070
1014
957
903
850
798
747
692
642
598
540
494
446
397
2407
2433
2410
2378
2347
2313
2269
2223
2179
2129
2079
2038
1995
1954
1910
1864
1825
1792
1743
1707
1674
1619
1587
1556
1504
1472
1439
1403
1360
1327
1300
1255
1228
1194
1166
1136
1102
1081
1048
1022
997
966
945
919
896
873
856
826
807
787
763
743
732
711
696
683
662
647
631
615
600
588
577
567
557
545
536
525
523
507
736
666
596
536
464
432
2455
2427
2396
2357
2301
2232
2168
2114
2048
1986
1925
1862
1794
1737
1678
1612
1531
1487
1422
1371
1304
1249
1187
1135
1076
1025
966
906
855
808
755
701
650
601
547
501
454
406
2456
2433
2412
2386
2351
2312
2276
2227
2177
2131
2085
2040
2003
1951
1913
1874
1839
1792
1750
1714
1663
1628
1588
1545
1521
1480
1440
1406
1363
1328
1296
1263
1229
1195
1170
1143
1108
1080
1053
1023
996
972
951
923
894
878
853
830
810
788
765
747
733
715
699
682
664
651
633
621
605
594
578
570
560
548
537
526
520
510
502
496
490
486
479
475
474
469
467
466
471
464
471
465
469
470
476
478
481
483
489
492
498
509
516
528
532
544
553
565
576
593
603
619
628
649
659
682
694
711
732
745
766
785
804
831
850
870
895
913
934
967
992
1019
1046
1076
1099
1132
1160
1195
1218
1253
1288
1327
1358
1395
1430
1466
1502
1541
1584
1623
1661
1705
1737
1780
1816
1861
1898
1946
1990
2042
2077
2121
2169
2212
2259
2306
2346
2375
2402
2432
2451
500
443
492
539
593
641
695
745
797
849
905
958
1011
1061
1119
1172
1233
1292
1358
