2395
2481
1198
1554
1876
2158
2358
2473
500
549
640
646
611
534
404
2381
2238
1977
1685
1346
971
557
2321
1905
1398
875
323
1975
1418
830
500
1873
1288
688
2295
1737
1162
600
2264
1775
1271
806
500
2207
1870
1536
1235
997
804
657
553
482
467
484
548
652
793
977
1204
1475
1798
2150
2449
763
1228
1712
2216
529
1094
1646
2225
59
56
1754
2289
682
1274
1839
2377
752
1292
1778
2260
551
917
1278
1595
1921
2186
2372
2468
500
597
649
648
606
512
378
2392
2213
1956
1642
1302
921
510
2289
1834
1326
809
500
1902
1344
758
2346
1784
1177
577
2192
1632
1065
500
2183
1699
1205
742
314
2146
1811
1491
1202
965
780
636
538
480
466
493
555
668
818
1017
1251
1538
1863
2223
2482
849
1322
1811
2315
643
1215
1773
2343
735
1345
1931
2447
920
1526
2083
2482
983
1507
1998
2406
673
1078
1429
1752
2048
2287
2425
500
2454
626
651
626
561
456
2431
2306
2077
1787
1459
1091
697
2413
2036
1535
1020
485
2124
1569
976
379
2013
1440
834
2398
1873
1290
732
2365
1908
1386
922
485
2290
1949
1604
1313
1056
842
683
569
492
463
477
530
628
759
941
1162
1429
1852
2358
707
1274
1839
2387
76
1414
1958
2453
937
1542
2094
500
1011
1485
1992
2404
675
1083
1425
1759
2033
2285
2425
500
2394
628
653
627
563
459
2425
2309
2088
1786
1463
1103
700
2417
2035
1533
1019
479
2117
1573
979
375
2015
1442
835
500
1880
1321
766
2382
1932
1422
946
510
2317
1970
1626
1332
1074
859
693
573
500
468
472
524
618
749
929
1135
1403
1712
2053
2396
652
1105
1576
2077
2475
948
1522
2086
729
1059
1651
2246
626
1239
1800
2345
717
1259
1742
2222
2473
880
1262
1597
1913
2177
2364
2465
500
608
647
651
597
517
384
2384
2218
1959
1654
1309
922
514
2285
1835
1329
804
2394
1910
1315
722
2322
1756
1136
539
2157
1594
1017
465
2151
1664
1178
711
293
2133
1797
1480
1192
960
764
631
531
480
469
493
571
679
826
1020
1257
1554
1878
2242
2458
869
1344
1824
2336
672
1246
1800
2367
776
1395
1976
2463
957
1552
2115
500
1019
1504
2007
2407
683
1089
1433
1753
2054
2290
2428
2492
986
635
652
624
561
453
2427
2300
2075
1781
1452
1086
686
500
2025
1561
1042
507
2143
1589
1006
413
2023
1444
842
2396
1873
1282
722
2365
593
2336
1901
1398
870
2424
1976
1381
792
2363
1828
1210
616
2224
1678
1087
531
2212
1724
1223
767
335
2167
1824
1501
1216
983
789
642
546
480
466
490
553
661
810
1003
1232
1528
1847
2210
500
833
1273
1752
2268
583
1147
1707
2286
668
1269
1860
2406
843
1445
2006
2461
919
1447
1937
2371
623
1040
1385
1716
2014
2260
2416
2485
2603
629
651
628
572
467
2447
2323
2096
1811
1488
1121
720
294
2066
1600
1085
548
2189
1650
1056
458
2070
1490
885
2422
1930
1334
776
2395
1933
1433
963
515
2326
1980
1641
1320
1070
858
695
574
500
466
476
521
617
748
920
1131
1400
1709
2054
2400
651
1113
1583
2084
2479
945
1532
2096
2352
1072
1695
2295
689
1281
1843
2379
774
1305
1792
2266
484
921
1280
1607
1912
2183
2376
500
602
599
641
650
604
518
391
2387
2220
1963
1653
1318
929
521
2299
1850
1338
820
500
1911
1363
771
2354
1794
1192
584
2209
1653
1074
516
2194
1715
1215
760
331
2167
1819
1497
1215
984
790
640
539
482
466
488
557
666
813
1003
1233
1523
1846
2208
2477
832
1304
1783
2300
622
1195
1742
2324
710
1317
1913
2434
901
1498
589
722
885
1095
1352
1664
1993
2352
2539
1020
1517
2012
2449
871
1449
2013
2473
988
1599
2188
576
1168
1727
2302
663
1200
1684
2177
2487
841
1229
1559
1881
2161
2359
2460
500
585
642
654
608
531
406
2393
2237
1979
1674
1335
957
552
2326
1897
1384
857
2426
1955
1371
778
2363
1809
1205
604
2209
1657
1079
518
2193
1713
1211
757
334
500
1821
1521
1233
993
795
649
546
484
465
489
550
656
805
995
1219
1496
1817
2168
2463
791
1259
1736
2245
500
1125
1682
2268
643
1255
1837
2398
828
1419
1983
2451
895
1428
1919
2358
609
1012
1367
1702
1996
2251
2410
2488
500
622
658
632
579
477
2444
2336
2118
1836
1517
1160
767
500
2112
1640
1130
589
2232
1684
1094
494
2112
1538
926
326
1959
1414
854
500
2006
1521
1031
600
2370
2034
1694
1373
1117
890
715
589
513
473
468
512
590
728
891
1097
1353
1659
1995
2357
2538
1024
1527
2013
2451
876
1463
2021
2477
994
1619
2193
586
1180
1751
2309
672
1205
1697
2177
2487
844
1239
1568
1885
2153
2361
2459
500
598
641
648
607
525
405
2392
2235
1978
1670
1328
953
550
2318
1885
1379
846
299
1944
1397
648
599
500
373
2370
2194
1925
1613
1263
887
465
2242
1794
1279
752
2374
1848
1265
678
2274
1704
1090
489
2113
1559
984
433
2129
1649
1147
691
500
2110
1782
1455
1183
946
757
620
526
478
465
498
575
687
838
1037
1275
1570
1894
2267
743
899
1353
1831
2337
671
1238
1806
2362
765
1382
1959
2459
948
1552
2107
500
1018
1502
1992
2409
683
1079
1431
1757
2052
2288
2419
500
2164
629
655
626
559
457
2428
2311
2076
1785
1462
1101
702
2407
2042
1537
1026
485
2118
1563
984
500
2012
1436
841
2395
1878
1293
727
2370
1896
1387
925
496
2302
1949
1616
1310
1049
841
683
569
496
468
475
531
630
762
945
1166
1428
1747
2093
2421
694
1154
1630
2138
507
1016
1561
2134
500
1110
1702
2298
676
1279
1845
2377
760
1296
1784
2264
489
914
1273
1611
1913
2184
2377
2466
2511
605
647
642
598
506
500
2371
2195
1925
1616
1265
886
469
2247
1789
1284
757
2361
1850
1255
674
2277
1703
1091
489
2116
1563
986
423
2130
1642
1150
696
500
2114
1780
1466
1178
950
768
629
526
479
467
498
568
680
834
1034
1279
1565
1891
2262
500
892
1346
1825
2333
668
2408
2017
1503
991
450
2103
1549
961
363
1992
1415
818
2390
1866
1277
717
2362
1888
1385
909
475
66
500
1649
1348
1093
872
703
587
502
467
471
518
606
734
908
1116
1375
1680
2023
2374
613
1064
1519
2023
2452
882
1465
2027
2482
997
1622
2199
593
1191
1752
2312
675
1209
1699
2183
2490
850
1236
1572
1887
2160
2363
2460
500
590
646
652
609
529
400
2390
2235
1972
1674
1337
960
546
2319
1893
1379
857
301
1960
1412
822
500
1840
1266
664
2271
1720
1143
572
2253
1767
1266
807
378
2206
1862
1536
1242
993
801
652
548
487
468
487
550
649
794
979
1209
1494
1812
2166
2459
783
1253
1733
2242
559
1118
1682
2261
647
1249
1842
2399
830
1424
1993
2453
903
1428
1918
2364
610
1018
1375
1710
2001
2250
2407
2487
500
623
650
634
580
475
2446
2339
2127
1845
1522
1164
776
343
2118
1647
1143
602
2236
1687
1095
504
2117
1541
933
333
1975
1417
859
500
2010
1530
1050
608
2383
2041
1691
1383
1111
888
721
590
509
474
468
511
597
721
888
1089
1345
1656
1987
2352
572
1012
1480
1968
2428
830
1407
1970
2460
944
1575
2152
2441
1139
1737
2308
666
1102
1353
1668
2004
2363
591
1044
1502
2000
2443
865
1440
2008
2474
59
1603
2138
519
1122
1679
2254
615
1154
1640
2127
2469
802
1196
1531
1857
2133
2345
2452
2481
590
648
654
608
531
413
2405
2240
1990
1686
1352
974
560
2336
1899
1401
876
331
1987
1426
838
2401
1883
1261
656
2275
1714
1133
574
2254
1770
1262
806
377
2202
1863
1535
1238
1006
803
645
548
481
469
487
554
654
800
992
1226
1493
1816
2179
500
788
1229
1699
2211
533
1085
1643
2218
602
1202
1787
2370
771
1373
1933
2426
842
1376
1870
2330
564
981
1331
1660
1963
2226
2398
2475
2521
611
651
635
583
474
2447
2346
2128
1856
1531
1182
791
366
2138
1681
1159
621
2259
1714
1127
537
2144
1565
962
361
2009
1455
885
337
2039
1552
1071
627
2372
2054
1715
1395
1122
902
724
598
508
473
471
511
590
711
878
1085
1338
1639
1971
2337
2002
994
1482
1967
2428
821
1399
1965
2455
500
1545
2130
573
1109
1674
2241
618
1150
1634
2128
500
796
1166
1509
1833
2109
2337
2454
2501
634
644
653
613
543
425
2406
2262
2015
1719
1385
1015
609
2360
1940
1435
913
362
2016
1461
868
500
668
557
494
465
479
540
639
779
961
1181
1458
1771
2122
2435
727
1187
1669
2176
495
1057
1607
2181
2537
1162
1790
2365
772
1375
1934
2421
845
1369
1868
2332
567
983
1337
1664
1963
2228
2398
2477
500
616
655
639
590
487
500
2357
2163
1895
1571
1230
836
419
2192
1734
1226
690
2321
1787
1198
603
2208
1638
1030
429
2034
1484
920
362
2062
1584
1099
655
2391
2068
1722
1410
1131
909
732
597
513
470
468
505
584
706
868
1069
1315
1620
1947
2316
538
968
1415
1904
2387
754
1326
1886
2415
855
1471
2056
500
1048
1614
2180
518
1084
1573
2054
2438
736
1134
1474
1801
2089
2321
2439
500
2527
638
645
619
540
427
2415
2271
2033
1725
1390
1025
620
2372
1949
1450
929
2454
2033
1444
857
500
1882
1309
701
2310
1757
1174
624
2289
1807
1297
830
500
2219
1864
1547
1250
1008
809
659
559
483
466
480
544
649
795
979
1210
1480
1802
2158
2453
776
1238
1718
2233
543
1099
1658
2236
500
1219
1807
2379
793
1389
1953
2435
860
1392
1877
2341
585
993
1344
1667
1969
2232
2402
2480
500
615
650
631
587
484
349
2352
2158
1885
1565
1222
829
410
2188
1816
2383
797
1412
2001
500
991
1546
2106
500
1007
1498
1985
2406
674
1079
1426
1748
2043
2288
2424
2504
567
632
651
630
565
454
2431
2310
2073
1788
1458
1098
694
2417
2040
1539
1016
479
2112
1565
975
500
2010
1433
838
2392
1881
1289
728
2367
1903
1390
919
478
2293
1951
1608
1307
1054
847
682
563
493
464
474
529
627
759
934
1156
1422
1736
2078
2413
677
1139
1611
2110
500
984
1541
2094
2440
1071
1692
2291
669
1276
1838
2373
761
1289
1781
2261
542
913
1273
1594
1913
2176
2371
2466
500
603
649
647
604
516
376
2387
2215
1956
1641
1305
926
509
2286
1837
1326
803
2393
1893
1309
714
2314
1752
1133
536
2157
1602
1020
468
2152
1656
1164
708
500
2120
1789
1465
1188
949
769
629
533
481
465
493
565
682
834
1023
1274
1554
1881
2244
500
872
1323
1803
2320
651
1221
1782
2350
747
1350
1942
2450
929
1524
2085
2743
995
1516
1998
2409
680
1084
1435
1752
2052
2291
2431
2472
500
636
656
626
562
456
2438
2310
2078
1785
1457
1092
699
2415
2037
1540
1017
486
2125
1576
987
500
2017
1439
842
2396
1882
1293
729
2369
1896
1391
916
474
572
1031
1588
2165
548
1147
1742
2334
731
1322
1879
2401
796
1328
1814
2293
529
941
1296
1634
1948
2200
2382
2472
500
607
647
642
593
503
500
2368
2188
1922
1612
1271
885
468
2241
1791
1277
747
2352
1851
1256
668
2274
1694
1086
482
2106
1553
973
425
2121
1637
1147
691
2415
2102
1758
1437
1164
939
754
619
522
475
470
502
574
694
847
1051
1299
1600
1922
2295
500
935
1381
1863
2361
705
1273
1838
2385
500
1401
1987
2469
974
1574
2130
1438
1029
1552
2045
2431
724
1126
1463
1788
2076
2310
2438
500
2476
638
654
622
554
438
2418
2290
2055
1754
1423
1057
649
2380
1979
1477
958
413
2065
1513
925
2443
1966
1337
732
2332
1781
1196
648
2311
1815
1312
850
415
2243
1895
1557
1249
1016
820
665
552
489
467
480
542
643
789
973
1192
1471
1785
2135
2442
740
1213
1688
2192
512
1073
1624
2202
596
1195
1786
2362
766
1362
1925
2426
843
1373
1869
2329
571
981
1324
1657
1958
2226
2397
500
2507
611
655
642
592
491
359
2358
2173
1895
1580
1234
844
433
2206
1746
1233
705
2327
1794
1210
620
2224
1644
1041
437
2051
1496
927
376
2076
1593
1099
2460
903
1489
2044
1775
1023
1649
2246
636
1229
1799
2346
717
1254
1736
2219
1537
877
1265
1589
1903
2175
2368
500
863
592
647
648
613
520
381
2391
2229
1971
1670
1325
949
537
2311
1865
1357
832
289
1940
1387
805
2375
1826
1215
616
2224
1671
1101
535
2210
1727
1225
769
343
2176
1838
1504
1221
983
788
642
547
479
471
493
554
660
804
996
1229
1506
1827
2183
2464
800
1266
1748
2255
575
1139
1695
2276
648
1259
1853
2407
833
1427
1992
2454
910
1431
1919
2365
616
1026
1366
1704
2005
2253
2411
2436
2522
622
649
633
566
469
2434
2326
2109
1815
1496
1130
740
305
2083
1613
1094
557
2195
1646
1066
472
2078
1501
899
500
1939
1377
820
270
1980
1507
1021
580
2343
2019
1672
1365
1102
887
713
582
511
467
472
514
600
728
894
1103
1360
1670
2011
2367
602
1041
1503
1998
2444
859
1449
2011
500
991
1571
2147
553
1143
1701
2270
629
1163
1647
2136
500
809
1180
1509
1839
2117
2336
2447
2501
500
632
651
614
539
416
2404
2256
2012
1712
1373
1004
599
2353
1938
1418
902
352
2010
1458
872
2416
1907
1289
686
2289
1731
1150
592
2266
1775
1699
2192
500
856
1224
1555
1869
2146
2349
2457
2502
589
649
645
606
517
396
2388
2232
1967
1666
1329
951
537
2313
1874
1367
843
289
1939
1382
802
2379
1829
1218
610
2225
1670
1087
533
2207
1727
1220
765
341
2167
1837
1500
1216
982
788
643
540
478
463
491
556
666
810
997
1227
1509
1836
2191
2467
811
1279
1759
2272
594
1158
1710
2289
659
1272
1874
2409
849
1441
2009
2463
926
1448
1943
2376
629
1037
1388
1712
2025
2262
2413
500
1847
621
652
634
576
471
2441
2325
2112
1832
1501
1144
755
321
2101
1633
1121
587
2214
1674
1091
487
2103
1519
922
314
1953
1400
840
500
1988
1503
1026
582
2357
2016
1674
1374
1101
885
721
584
509
467
460
521
598
727
901
1108
1360
1676
2011
2369
500
1042
1500
2010
2444
866
1442
2009
500
983
1568
2141
544
1134
1693
2264
623
1160
1644
2137
2471
807
1205
1534
1856
2139
2348
2451
586
2537
641
647
611
525
404
2397
2238
1993
1681
1347
975
563
2339
1904
1399
878
325
1973
1423
839
2397
1864
1249
652
2267
1702
1121
567
2244
1750
1246
793
364
2195
1854
1527
1227
992
792
650
545
482
463
485
552
1437
967
527
2351
1981
1642
1345
1081
858
696
578
503
470
474
524
616
749
924
1126
1389
1705
2048
2388
625
1084
1562
2050
2466
919
1509
2059
500
1042
1625
2219
614
1211
1771
2331
696
1229
1721
2205
500
867
1228
1566
1876
2157
2358
2459
2507
589
648
646
593
522
396
2387
2223
1969
1650
1319
943
531
2304
1863
1354
825
2402
1922
1333
751
2338
1781
1169
564
2180
1621
1053
492
2174
1690
1192
740
315
2137
1812
1486
1208
976
775
641
539
478
466
495
558
670
819
1010
1247
1540
1855
2227
2482
846
1314
1806
2319
651
1224
1778
2346
742
1349
1934
2449
920
1533
2089
500
997
1493
1971
2397
660
1065
1414
1747
2033
2283
2424
500
2525
627
653
635
573
460
2436
2322
2085
1794
1471
1119
713
2422
2055
1551
1038
500
2135
1592
1005
408
2016
1438
837
2405
1892
1298
734
2368
1905
1393
930
485
2301
1948
1614
1311
1052
845
689
570
499
469
477
537
626
763
941
1159
1423
1745
2085
2415
682
1141
1612
2123
500
991
1544
2107
2423
1076
1693
2296
687
1282
1854
2381
774
1296
1790
2266
481
914
1275
1611
1916
2187
2378
2469
1811
604
651
642
590
507
2404
784
1314
1797
2278
522
932
1291
1624
1942
2199
2383
381
527
603
645
642
605
521
389
2384
2214
1955
1647
1302
916
509
2286
1840
1331
806
500
1907
1352
766
2347
1788
1179
574
2192
1638
1061
503
2179
1714
1210
755
327
2158
1820
1502
1207
974
789
642
539
476
464
490
559
669
814
1007
1248
1534
1855
2218
2479
842
1319
1801
2314
634
1208
1762
2338
729
1332
1925
2440
909
1510
2073
2472
978
1503
1989
2401
667
1071
1415
1752
2036
2285
2423
2095
500
632
649
630
569
459
2430
2304
2085
1795
1471
1116
713
2424
2035
1556
1033
498
2144
1588
999
500
2028
1449
848
500
1884
1324
767
2387
1926
1419
943
506
2313
1970
1623
1316
1066
856
693
572
497
462
479
525
621
753
930
1141
1404
1722
2063
2403
659
1113
1593
2091
2484
955
1537
2103
1792
1080
1696
2292
681
1281
1846
2381
767
1303
1791
2272
505
919
1287
1617
1923
2194
2380
868
500
603
648
645
606
513
500
2386
2212
1956
1645
1309
929
509
2290
1852
1338
810
2412
1916
1324
736
2328
1770
1152
555
2171
1616
1039
487
2168
1680
1190
726
312
2139
1808
1481
1195
959
769
632
533
475
464
1165
622
2296
1806
1303
839
405
2226
1888
1557
1258
1010
814
659
551
486
468
482
546
643
792
975
1197
1473
1798
2143
2448
756
1222
1706
2211
521
1088
1644
2218
500
1204
1789
2370
780
1380
1941
2431
856
1387
1870
2336
576
986
1338
1663
1967
2229
2397
2414
2523
612
653
642
585
481
2450
2352
2135
1849
1536
1180
788
2221
2144
1648
1141
600
2232
1682
1095
507
2114
1537
936
327
1973
1419
860
308
2007
1541
1052
605
2373
2038
1691
1380
1098
896
722
599
513
469
468
504
593
723
885
1092
1341
1651
1977
2349
2516
1015
1498
1995
2441
851
1437
2002
2472
979
1595
2177
575
1170
1732
2299
661
1196
1682
2172
2485
836
1226
1560
1876
2159
2360
2459
2300
597
642
649
605
514
500
2387
2224
1965
1656
1322
946
525
2300
1860
1354
826
500
1927
1367
780
2361
1801
1197
594
2203
1658
1074
517
2193
1711
1208
753
331
2156
1825
1498
1221
978
784
641
541
479
463
486
557
669
815
1006
1243
1530
1858
2209
2479
842
1311
1795
2308
638
1198
1759
2332
719
1333
1911
2436
900
1494
2060
2478
958
1487
1973
2396
659
1067
1418
1745
2041
2279
2423
509
2526
1783
2082
2314
2436
2495
627
637
650
623
553
440
2417
2285
2051
1749
1419
1059
651
2389
1986
1483
965
426
2078
1522
944
339
1968
1399
794
2374
1837
1258
692
2346
1863
1359
893
452
2270
1924
1599
1289
1042
836
667
563
498
465
481
534
640
774
955
1174
1438
1764
2106
2428
706
1172
1649
2147
2484
1027
1614
2190
500
58
1751
2287
671
1274
1833
2373
756
1290
1777
2257
500
907
1261
1601
1913
2176
2371
2467
500
595
646
651
603
519
393
2384
2216
1961
1645
1306
928
512
2289
1838
1327
807
500
1903
1351
762
2349
1784
1184
575
2196
1636
1068
512
2184
1698
1206
745
2440
2148
1790
1470
1191
959
770
628
530
479
466
495
571
682
835
1029
1265
1561
1889
2255
500
888
1335
1817
2325
657
1229
1787
2353
747
1359
1942
2449
927
1534
2086
500
995
1486
1970
2396
659
1065
1411
1743
2039
2287
2423
500
500
627
652
630
573
473
2439
2330
2114
1826
1491
1134
744
500
2091
1622
1114
574
2206
1657
1072
475
2084
1505
909
309
1948
1402
832
288
1990
1518
1028
590
2366
2027
1683
1373
1105
894
717
591
507
471
472
517
605
726
893
1102
1359
1670
2018
556
979
1339
1654
1971
2222
2394
2477
2514
618
652
633
586
490
354
2354
2170
1883
1565
1214
822
405
2188
1736
1216
677
2310
1780
1187
595
2206
1633
1028
500
2044
1495
915
368
2063
1593
1096
647
2396
2072
1716
1412
1136
910
738
609
517
469
468
507
587
709
869
1069
1320
1618
1953
2318
516
967
1426
1902
2389
758
1321
1885
2416
500
1462
2053
500
1036
1608
2162
614
1073
1563
2055
2435
733
1133
1473
1795
2087
2316
2438
500
1566
635
652
626
549
2130
2422
2271
2021
1732
1400
1028
626
2369
1960
1447
931
386
2048
1486
902
500
1931
1348
754
2344
1802
1208
650
2309
1820
1308
847
420
2234
1891
1562
1259
1016
819
659
549
489
463
480
551
645
792
973
1209
1480
1797
2151
2451
763
1232
1705
2214
524
1084
1646
2225
500
1208
1792
2369
783
1378
1941
2429
858
1388
1867
2332
576
985
1341
1662
1979
2228
2399
1225
1590
619
655
643
584
489
2447
2348
2138
1852
1535
1182
794
369
2148
1691
1179
641
2279
1732
1147
553
2159
1585
977
380
2027
1463
905
2452
2054
1538
1055
608
2373
2038
1699
1377
1114
895
720
591
514
2259
468
512
596
732
904
1214
1553
1869
2141
2353
2456
2506
595
642
649
603
521
399
2395
2218
1969
1667
1333
955
538
2314
1882
1366
848
2420
1949
1351
765
2353
1791
1182
581
2201
1637
1064
502
2183
1713
1214
750
2443
2159
1797
1467
1201
957
768
629
533
483
463
474
563
683
829
1024
1259
1552
1876
2246
500
867
1314
1800
2313
637
1205
1762
2336
500
1332
1913
2441
907
1506
2070
2482
969
1498
1975
2403
669
1073
1419
1746
2041
2286
2424
1114
500
633
653
630
564
460
2436
2313
2094
1798
1470
1112
714
280
2047
1583
1076
540
2176
1627
1043
442
2047
1474
871
500
1914
1355
791
2402
1951
1439
972
523
2327
1991
1643
1338
1071
859
697
574
500
464
476
524
613
746
922
1136
1404
1710
2048
2394
642
1098
1572
2070
2473
931
1513
2082
500
1055
1633
2232
621
1220
1787
2332
694
1236
1721
2207
500
869
1234
1569
1882
2154
2361
500
2076
593
648
650
604
524
392
2392
2227
1969
1671
1331
954
537
2318
1883
1378
847
301
1945
1398
812
2381
1829
1225
616
2235
1679
1096
538
2217
1733
1231
773
351
2179
1848
1510
1225
988
793
647
541
485
465
491
557
660
807
1001
1232
793
640
543
482
470
496
551
667
816
1008
1234
1527
1852
2212
2467
830
1311
1791
2305
628
1197
1758
2329
721
1322
1913
2434
896
1497
2055
2481
965
1493
1965
2396
664
1068
1417
1742
2041
2281
2424
2423
500
635
648
628
561
459
2434
2313
2086
1793
1473
1103
709
279
2057
1582
1076
530
2171
1630
1044
440
2054
1470
873
2416
1910
1334
762
2387
1933
1425
950
517
2313
1967
1631
1320
1065
846
681
572
500
467
484
525
618
757
929
1139
1399
1714
2056
2397
645
1103
1578
2075
2477
942
1527
2099
1628
1065
1687
2281
673
1276
1837
2373
755
1290
1770
2256
500
907
1273
1603
1911
2183
2375
2470
2199
599
649
642
596
500
375
2371
2199
1923
1614
1273
886
471
2248
1788
1289
757
2366
1847
1267
670
2271
1700
1088
485
2108
1546
977
428
2128
1651
1146
694
279
2111
1782
1462
1194
953
762
625
527
471
466
498
565
682
838
1035
1276
1568
1898
2260
517
888
1338
1823
2330
656
1235
1795
2359
723
1366
1951
2454
940
1532
2092
500
999
1489
1975
2395
659
1067
1413
1741
2039
2283
2424
511
2524
630
649
628
563
459
2438
2317
2086
1808
1470
1109
713
500
769
365
2139
1673
1170
623
2256
1720
1129
529
2139
1566
958
359
2001
1451
879
330
2039
1563
1067
630
2385
2054
1709
1397
1119
909
730
600
514
474
471
509
596
711
877
1086
1333
1647
1976
2338
626
998
1453
1939
2408
784
1361
1923
2436
894
1503
2097
2475
1078
1682
2245
605
1150
1639
2130
2468
806
1196
1530
1853
2133
2346
2450
500
576
645
650
609
550
426
2405
2263
2017
1713
1384
1017
605
2367
1940
1432
910
365
2018
1466
877
2409
1907
1296
684
2299
1750
1153
601
2277
1778
1282
821
395
2216
1867
1542
1251
1004
806
652
548
482
464
485
547
653
802
983
1216
1490
1814
2170
2458
785
1254
1730
2246
500
1125
1679
2268
646
1252
1845
2400
833
1423
1997
2456
908
1429
1923
2364
618
1029
1380
1704
2008
2254
2414
500
1807
619
648
635
580
475
2441
2336
2119
1837
1509
1150
761
335
2113
1646
1132
589
2229
1677
1082
494
2111
1520
923
2440
1961
1370
808
2403
1965
1447
981
540
2335
1990
1655
1345
1083
878
701
580
501
468
470
524
611
742
906
1114
1378
1690
2028
2380
639
1071
1533
2031
2457
891
1476
2038
500
1012
1595
2190
576
1177
1739
1322
936
523
2298
1854
1341
821
500
1916
1369
776
2358
1805
1189
593
2206
1652
1074
516
2194
1709
1221
752
330
2164
1832
1501
1211
980
784
642
539
479
463
492
555
667
817
1002
1235
1528
1857
2224
2483
839
1307
1800
2305
637
1205
1757
2333
718
1337
1919
2438
902
1502
2058
2477
969
1495
1976
2399
667
1070
1416
1743
2041
2282
2424
500
568
622
653
633
570
463
2433
2325
2104
1818
1491
1137
735
310
2087
1617
1110
575
2206
1657
1079
477
2092
1508
909
500
1956
1397
833
284
1995
1515
1031
594
2365
2032
1685
1375
1103
889
718
591
505
466
466
505
597
729
892
1105
1366
1671
2006
2366
500
1045
1505
2003
2443
865
1452
2012
2475
992
1612
2188
500
1180
1740
2302
670
1203
1686
2173
2486
842
1231
1563
1880
2154
2361
2460
500
587
648
650
611
528
402
2393
2234
1987
1673
1336
962
547
2319
1882
1373
852
2424
1959
1361
776
2357
1801
1188
585
2202
1644
1062
515
2191
1711
1209
753
2446
2148
1802
1476
1190
954
769
632
540
479
464
490
563
676
825
1024
1256
1550
1878
2240
500
868
1313
1794
2308
633
1202
1760
2335
725
1329
1922
2442
907
1063
477
2102
1542
969
415
2114
1634
1132
679
2415
2098
1747
1428
1157
928
748
615
527
473
464
485
576
697
853
1055
1299
1591
1920
2291
500
933
1378
1864
2361
704
1281
1837
2391
813
1426
2006
500
991
1557
2110
1692
1021
1543
2034
2425
708
1112
1457
1776
2067
2309
2432
500
2592
637
653
624
551
449
2420
2294
2053
1758
1433
1065
663
2398
2001
1503
981
440
2095
1536
955
345
1979
1411
807
2411
1861
1266
709
2363
1882
1372
903
471
2292
1941
1602
1301
1044
837
678
568
493
468
484
535
629
769
952
1168
1420
1749
2094
2421
690
1154
1625
2134
500
1006
1562
2134
500
1123
1708
2306
698
1294
1859
2388
774
1301
1795
2272
2370
921
1310
1637
1952
2203
2387
1320
2466
610
652
640
583
489
2447
2362
2159
1886
1563
1214
823
406
2184
1722
1208
680
2306
1773
1182
591
2195
1624
1013
413
2037
1480
914
355
2064
1584
1094
642
2393
2067
1716
1409
1134
913
739
605
516
473
466
504
589
706
859
1075
1320
1618
1959
2323
500
978
1433
1915
2395
767
1332
1903
2425
870
1483
2075
763
1058
1621
2196
2156
1097
1617
2100
2457
788
1175
1514
1832
2117
1662
2183
512
1062
1614
2190
2534
1174
1789
2370
784
1378
1936
2432
854
1385
1870
2329
565
982
1337
1666
1964
2229
2399
2476
1302
615
656
637
586
486
2446
2349
2131
1857
1537
1182
791
370
2144
1688
1169
635
2271
1723
1140
547
2150
1577
972
370
2016
1461
893
2451
2049
1535
1049
607
2374
2042
1687
1371
1107
897
723
593
508
475
469
515
593
723
872
1099
1347
1645
1989
2351
2527
1021
1507
2006
2446
872
1452
2016
2477
995
1613
2191
582
1176
1730
2300
662
1192
1688
2174
2481
838
1227
1560
1881
2150
2360
2460
745
594
647
654
606
530
399
2395
2237
1974
1672
1332
950
540
2317
1878
1366
847
294
1948
1403
808
2373
1832
1211
616
2225
1667
1091
526
2215
1730
1224
769
2449
2164
1811
1483
1195
965
772
634
529
481
469
489
570
669
818
1018
1258
1544
1865
2230
500
857
1302
1787
2296
623
1186
1744
2318
704
1310
1897
2429
887
1478
2044
2473
955
1475
1968
2390
649
1059
1405
1736
2032
2272
2421
500
563
625
652
631
573
470
2440
2325
2119
1828
1500
1150
750
325
2095
1633
1122
583
2220
1680
1088
488
2106
1515
913
311
1958
1395
834
1981
1396
816
2381
1839
1227
614
2236
1677
1103
544
2211
1732
1235
777
350
2177
1842
1517
1221
985
791
647
540
491
468
492
558
663
811
997
1234
1512
1830
2186
2465
802
1271
1756
2263
584
1141
1705
2285
658
1272
1859
2407
845
1443
2002
2459
919
1446
1930
2371
625
1033
1382
1720
2013
2258
2413
1859
2521
622
653
632
569
466
2434
2325
2098
1811
1494
1125
732
500
2082
1607
1099
561
2195
1645
1064
461
2080
1495
899
296
1935
1389
829
500
1981
1502
1025
589
2359
2022
1673
1364
1101
886
714
585
509
466
467
516
603
735
900
1106
1366
1668
2011
2370
500
1048
1512
2012
2448
876
1464
2022
2477
1001
1621
2217
610
1208
1773
2328
693
1235
1720
2202
500
859
1236
1571
1884
2160
2362
2459
2747
593
649
650
605
521
500
2387
2225
1962
1657
1309
935
521
2299
1856
1344
824
500
1919
1366
772
2355
1797
1189
589
2204
1646
1067
511
2192
1704
1210
757
337
2160
1828
1498
1217
977
792
643
541
481
468
494
561
665
819
1005
1226
1540
1846
2214
2480
836
1309
1796
2306
632
1199
1758
2326
714
1324
1909
2438
894
1488
2061
2481
973
1497
1976
2401
674
1549
1079
631
2387
2052
1710
1397
1122
901
727
596
515
474
471
508
587
711
879
1080
1328
1634
1966
2337
500
991
1443
1929
2405
783
1367
1920
2436
892
1497
2093
2465
1079
1679
2250
609
1159
1646
2134
2469
800
1197
1530
1850
2131
2342
2452
500
619
646
655
616
538
421
2403
2262
2020
1714
1381
1006
605
2359
1934
1426
911
500
2020
1466
878
2418
1904
1290
686
2299
1739
1155
595
2270
1786
1283
823
386
2216
1866
1536
1250
1007
806
653
541
482
475
486
542
651
792
993
1215
1481
1803
2164
2455
774
1247
1722
2231
561
1114
1680
2254
654
1245
1827
2390
816
1416
1989
2450
901
1432
1916
2365
609
1017
1368
1699
2004
2255
2413
500
2605
621
651
639
580
474
2442
2337
2116
1845
1510
1159
763
339
2111
1648
1128
584
2229
1689
1103
500
2108
1526
923
318
1972
1423
851
303
2012
1530
1057
604
2370
2032
1692
1378
1111
891
716
589
515
473
474
510
594
722
893
1098
1348
1652
1979
2351
2531
1021
1507
2012
2446
866
1447
2003
2473
988
1610
2191
572
1174
1743
2299
671
1197
1690
2172
500
835
1201
1542
1852
2134
2351
2454
2766
2620
647
643
602
631
529
486
460
501
566
677
841
1026
1266
1557
1887
2251
500
882
1322
1808
2322
653
1229
1778
2352
748
1354
1943
2450
928
1523
2080
500
990
1490
1963
2390
652
1061
1408
1736
2038
2277
2423
500
2454
625
651
628
566
462
2435
2320
2094
1799
1474
1120
727
500
2067
1592
1069
546
2185
1631
1053
458
2068
1486
882
2424
1917
1333
771
2385
1936
1425
958
535
2324
1969
1636
1330
1072
861
693
576
496
463
473
521
614
747
921
1131
1393
1708
2056
2392
648
1095
1571
2066
2472
929
1517
2079
500
1048
1637
2231
616
1220
1782
2336
704
1238
1731
2203
500
862
1238
1572
1887
2163
2363
2461
2508
601
649
645
602
518
392
2384
2217
1960
1635
1302
924
504
2286
1833
1328
804
2400
1905
1316
724
2316
1755
1138
541
2154
1601
1023
468
2146
1672
1175
714
299
2131
1794
1480
1194
961
767
632
536
473
465
495
567
680
822
1031
1266
1554
1883
2241
500
878
1323
1802
2318
639
1213
1770
2343
67
1335
1884
2421
873
1465
2030
500
942
1435
1920
2366
614
1025
1373
1714
2005
2258
2409
2484
2518
626
650
632
573
474
2439
2326
2104
1803
1489
1136
733
306
2083
1439
908
357
2008
1457
868
2413
1896
1277
675
2283
1730
1146
585
2262
1772
1274
817
387
2213
1868
1533
1247
1004
809
651
549
482
469
489
545
655
796
991
1212
1485
1801
2172
2456
784
1251
1735
2245
563
1125
1684
2266
656
1245
1832
2397
822
1419
1987
2454
893
1426
1916
2358
576
1016
1371
1697
2002
2248
2408
500
605
619
648
639
582
488
500
2351
2163
1888
1563
1213
824
500
2176
1718
1212
673
2304
1774
1185
590
2198
1621
1018
419
2036
1489
919
365
2059
1588
1098
650
2396
2079
1726
1413
1137
911
738
606
519
468
465
505
584
707
869
1068
1311
1615
1951
2333
521
972
1427
1913
2398
765
1336
1901
2420
866
1490
2072
500
1057
1616
2192
537
1097
1581
2075
2446
751
1149
1488
1810
2094
2325
2441
60
581
634
655
625
545
440
2425
2299
2061
1765
1435
1074
675
2394
2011
1508
991
445
2101
1553
957
358
1987
1406
813
2385
1859
1263
703
2358
1875
1366
906
465
2288
1930
1602
1302
1044
836
678
567
493
470
479
535
626
775
948
1171
1437
1753
2099
2424
693
1157
1628
2138
500
1009
1554
2135
633
1109
1697
2297
685
1290
1852
2384
777
1307
1793
699
1276
1835
2387
801
1418
2005
2475
994
1586
2141
500
1052
1544
2029
2426
711
1113
1452
1781
2067
2304
2432
60
571
629
651
632
563
454
2435
2316
2085
1795
1471
1109
716
2424
2066
1552
1037
500
2137
1591
1003
406
2020
1442
841
500
1880
1328
765
2386
1927
1414
939
509
2316
1970
1627
1316
1062
858
697
573
500
465
477
513
620
755
921
1135
1400
1717
2052
2400
646
1107
1575
2080
2477
951
1534
2098
1552
1066
1679
2287
677
1275
1833
2375
755
1295
1779
2259
500
906
1267
1591
1913
2178
2371
2467
1181
599
650
643
604
514
387
2377
2200
1944
1633
1283
901
485
2255
1801
1299
759
2362
1853
1268
682
2286
1710
1099
493
2117
1559
986
427
2128
1642
1148
693
2420
2111
1756
1427
1163
931
751
617
522
474
464
495
570
692
850
1060
1293
1588
1922
2292
555
932
1375
1865
2356
706
1276
1836
2384
800
1417
2007
2476
987
1590
2141
2489
1049
1574
2061
2438
741
1133
1480
1807
2090
2320
2440
500
2607
636
655
616
542
500
2415
2280
2037
1737
1405
1040
636
2375
1968
1464
947
402
2050
1501
908
2434
1942
1330
726
2326
1772
1191
631
2302
1816
2207
2393
2475
2451
616
652
648
588
491
2451
2356
2152
1876
1552
1205
812
393
2172
1706
1197
661
2299
1758
1172
582
2183
1608
1010
402
2031
1475
914
361
2063
1583
1094
648
2392
2067
1711
1398
1135
911
733
603
510
470
468
506
582
712
869
1081
1331
1628
1962
2330
500
990
1449
1924
2401
770
1346
1913
2431
877
1504
2081
2071
1068
1660
2232
588
1132
1630
2112
2461
782
1183
1516
1847
2125
2340
2449
500
2620
644
651
607
537
451
2402
2248
1999
1703
1363
995
585
2352
1927
1425
903
353
2014
1458
874
2415
1906
1291
689
2293
1737
1150
600
2267
1777
1279
807
381
2205
1866
1525
1234
1000
794
647
547
484
463
490
550
652
806
992
1224
1503
1824
2181
2467
796
1260
1742
2259
578
1137
1689
2270
642
1259
1847
2403
834
1428
1990
2454
900
1426
1918
2364
614
1021
1370
1712
1999
2249
2409
61
548
623
649
641
583
493
500
2354
2166
1885
1570
1227
840
413
2196
1733
1216
684
2319
1775
1188
587
2203
1634
1019
418
2042
1485
915
364
2058
1583
1100
646
2392
2071
1717
1400
1127
904
731
604
520
473
467
509
585
713
876
1076
1328
1641
1966
2333
500
1456
2029
2482
1006
1623
2227
618
1220
1781
2335
702
1233
1721
2206
500
867
1229
1566
1881
2162
2361
2461
492
601
649
648
606
531
406
2394
2230
1981
1673
1336
953
552
2320
1886
1376
852
304
1944
1402
814
2382
1843
1221
624
2241
1683
1107
544
2218
1735
1233
779
346
2174
1837
1515
1224
982
791
649
542
489
464
488
555
656
809
992
1236
1508
1827
2181
2461
797
1265
1741
2252
578
1135
1689
2271
650
1262
1850
2397
829
1421
1990
2452
892
1425
1909
2361
609
1016
1366
1690
2000
2252
2409
2486
500
582
649
639
577
478
2454
2341
2109
1849
1524
1172
781
500
2120
1656
1141
593
2231
1689
1103
503
2118
1543
930
335
1976
1412
855
500
2011
1524
1042
597
2370
2033
1696
1373
1106
889
712
588
509
466
471
512
596
726
889
1092
1353
1659
1986
2353
2539
1017
1511
2011
2446
872
1458
2015
500
993
1568
2153
529
1139
1698
2271
635
1167
1657
2142
2476
813
1204
1538
1865
2134
2346
500
2504
582
641
649
613
539
420
2405
2257
2006
1709
1374
1000
593
2347
1919
1417
896
344
2004
1448
857
500
1883
1314
707
2311
1756
1177
613
2289
1799
1296
830
1666
2254
651
1249
1810
2358
737
1274
1757
2237
500
888
1251
1583
1890
2169
2370
500
500
600
649
647
609
526
409
2395
2242
1979
1683
1342
966
559
2325
1891
1393
861
2432
1970
1375
779
2360
1809
1201
598
2209
1654
1073
514
2193
1711
1213
761
336
2163
1828
1496
1212
970
784
642
544
482
468
489
558
661
815
1005
1237
1521
1848
2211
2478
835
1297
1797
2306
633
1196
1752
2326
713
1318
1906
2434
900
1495
2052
2478
963
1485
1971
2394
652
1060
1413
1737
2033
2279
2424
2452
500
626
648
630
568
466
2421
2320
2087
1800
1477
1126
725
500
2069
1598
1080
536
2172
1626
1039
436
2047
1468
863
500
1908
1356
786
2402
1948
1437
963
526
2326
1968
1640
1328
1073
862
692
580
501
468
479
524
616
749
919
1131
1389
1711
2037
2390
627
1080
1550
2053
2465
914
1508
2061
500
1034
1623
2216
611
1204
1770
2326
691
1234
1725
2202
500
866
1229
1570
1883
2155
2358
2459
2507
593
647
647
598
522
1371
2389
2210
1953
1632
1293
912
496
2275
1839
1328
793
2391
1895
1306
716
2316
1753
1143
546
2165
1612
1026
469
2149
1658
1168
715
2419
2119
1774
1445
2314
1714
1137
574
2255
1758
1263
801
375
2209
1860
1539
1234
1002
801
651
544
481
463
486
552
656
798
988
1221
1504
1813
2173
2477
787
1249
1738
2248
558
1130
1687
2269
647
1253
1847
2402
839
1431
1999
2456
907
1431
1915
2365
615
1030
1372
1711
2009
2255
2412
432
554
626
655
640
579
485
346
2345
2150
1872
1561
1208
823
393
2172
1705
1205
664
2302
1762
1171
580
2182
1604
1007
500
2025
1470
910
355
2061
1583
1100
642
2397
2070
1725
1399
1132
912
736
603
517
469
468
503
589
711
868
1076
1320
1623
1946
2325
527
977
1441
1917
2397
767
1343
1902
2427
877
1495
2093
2093
1078
1673
2239
594
1146
1630
2118
2463
794
1196
1528
1843
2132
2344
2448
496
594
643
653
620
540
422
2409
2263
2011
1714
1380
1009
592
2358
1941
1434
910
500
2020
1463
877
500
1911
1330
726
2328
1777
1193
632
2305
1818
1308
841
411
2229
1888
1559
1258
1023
813
660
550
488
463
484
542
646
789
977
1195
1476
1795
2148
2449
750
1221
1702
2204
526
1080
1635
2220
668
1205
1800
2369
782
1387
1951
2433
860
1388
1873
2338
575
991
1344
1663
1974
2227
2403
2478
679
2264
1676
1073
465
2085
1531
958
405
2105
1618
1121
678
2412
2095
1747
1429
1154
927
742
611
521
472
467
502
577
695
855
1056
1303
1618
1932
2300
2515
946
1432
1899
2392
761
1329
1898
2423
500
1484
2065
538
1049
1617
2187
537
1085
1569
2063
2438
734
1135
1477
1801
2091
2317
2439
2495
500
638
656
615
550
431
2416
2279
2039
1739
1408
1041
636
2377
1975
1467
945
399
2052
1497
914
313
1949
1369
773
2358
1813
1237
680
2336
1852
1345
875
439
2262
1906
1579
1275
1027
825
672
563
490
466
473
542
635
784
965
1188
1444
1772
2121
2433
729
1194
1677
2181
500
1068
1616
2198
571
1183
1761
2351
745
1345
1904
2417
830
1360
1852
2318
546
965
1321
1653
1954
2216
2391
60
2164
605
649
644
592
504
500
2369
2188
1920
1610
1267
886
468
2242
1791
1281
751
2359
1846
1257
661
2273
1688
1082
481
2096
1531
963
405
2115
1630
1142
684
2413
2097
1748
1435
1154
925
747
607
521
474
472
505
587
701
859
1066
1308
1600
1933
2301
612
937
1389
1874
2366
714
1283
1845
2394
818
1428
2018
500
998
1558
2113
500
1025
1511
2003
2414
688
1093
1443
2360
2152
1884
1561
1205
815
395
2163
1702
1194
659
2301
1764
1167
579
2182
1604
998
405
2043
1490
915
369
2073
1582
1094
651
2400
2074
1728
1404
1137
908
739
605
516
472
469
504
591
705
871
1076
1324
1626
1956
2297
2034
979
1461
1932
2411
794
1364
1927
2438
901
1514
2098
2499
1082
1677
2253
500
1153
1631
2133
2465
799
1190
1525
1855
2126
2345
2451
2793
596
641
655
613
528
412
2400
2248
1996
1695
1355
981
568
2344
1918
1407
884
339
1990
1437
852
500
1871
1295
698
2306
1749
1170
606
2288
1797
1292
826
500
2222
1876
1542
1255
1010
810
658
548
489
466
482
551
657
799
981
1216
1485
1808
2166
2460
786
1245
1732
2245
565
1128
1689
2271
644
1260
1851
2398
829
1423
1986
2452
896
1425
1914
2359
607
1017
1367
1698
2003
2250
2411
2483
2525
625
657
636
577
476
2436
2332
2111
1828
1499
1143
745
2438
2099
1596
1087
542
2187
1636
1041
447
2053
1474
875
2423
1919
1330
765
2391
1937
1419
949
513
500
48
1653
1385
1109
895
718
597
510
468
467
514
595
721
885
1097
1349
1654
1989
2353
2515
1016
1509
1993
2441
861
1452
2012
2476
545
2139
1553
950
354
1993
1438
875
326
2034
1557
1058
618
2382
2052
1708
1390
1115
904
729
594
517
468
470
512
592
716
874
1086
1337
1643
1973
2343
500
993
1455
1937
2409
784
1359
1926
2439
896
1517
2103
2498
1086
1683
2249
500
1154
1641
2129
2470
806
1197
1533
1857
2135
2345
2452
2507
635
645
650
614
533
412
2402
2251
2004
1704
1360
986
577
2347
1920
1414
883
500
1993
1435
853
2399
1872
1263
660
2279
1712
1134
582
2261
1768
1265
807
379
2201
1859
1545
1242
1002
808
650
546
483
465
489
555
654
800
992
1229
1493
1817
2174
2460
783
1253
1739
2255
500
1138
1691
2277
659
1269
1849
2401
836
1426
1990
2452
907
1431
1918
2367
607
1028
1372
1707
2003
2257
2412
500
2125
624
653
638
578
476
2444
2338
2117
1837
1511
1157
764
338
2116
1651
1135
599
2235
1701
1105
510
2120
1539
933
2444
1967
1376
815
2420
1976
1473
996
545
2345
2000
1663
1353
1085
875
710
581
506
465
472
516
605
731
908
1114
1382
1690
2021
2373
500
1055
1514
2010
2449
877
1451
2020
2478
993
1617
2190
500
1178
1738
2303
667
1203
1690
2181
500
847
1213
1556
501
928
1284
1613
1932
2199
2381
500
2512
601
649
643
598
506
380
2377
2201
1930
1623
1281
892
478
2260
1805
1299
766
2376
1865
1269
683
2285
1717
1106
498
2117
1551
986
434
2131
1644
1152
694
2422
2110
1757
1433
1159
928
756
617
525
477
469
500
575
698
854
1044
1299
1595
1945
2291
500
923
1381
1847
2355
699
1272
1830
2383
500
1397
1985
500
968
1529
2087
500
991
1484
1966
2393
656
1060
1408
1739
2038
2277
2421
2486
610
628
645
635
569
462
2434
2319
2091
1805
1472
1126
723
2429
2063
1565
1049
504
2149
1598
1004
411
2025
1445
839
2399
1874
1297
728
2366
1892
1381
911
481
2294
1943
1612
1310
1051
845
685
564
493
465
473
530
630
769
938
1163
1422
1748
2092
2423
693
1157
1635
2141
607
1007
1559
2134
500
1113
1697
2293
684
1288
1845
2380
767
1301
1784
2262
497
919
1273
1610
1917
2184
2378
387
528
607
651
650
602
516
391
2388
2221
1961
1648
1309
934
523
2296
1849
1346
827
2405
1915
1332
741
2332
1764
1164
558
2171
1622
1041
483
2168
1683
1189
728
2433
2142
1782
1461
1180
949
764
623
527
472
466
498
573
683
835
798
989
1221
1502
1827
2181
2462
799
1266
1754
2257
578
1137
1695
2274
654
1259
1850
2403
832
1427
1996
2455
905
1428
1917
2363
623
1024
1369
1708
2008
2252
2410
2483
1054
622
650
637
573
472
2440
2331
2109
1819
1501
1146
744
500
2093
1627
1111
582
2212
1665
1076
482
2091
1515
910
500
1960
1408
837
2428
1991
1488
1005
559
2346
2007
1663
1351
1092
873
702
585
507
467
468
519
606
735
914
1114
1373
1683
2020
2371
605
1059
1517
2014
2452
879
1464
2024
2476
997
1623
2198
585
1184
1750
2308
664
1208
1693
2181
2488
842
1237
1574
1890
2154
2362
2459
2506
598
648
649
605
515
387
2385
2215
1955
1648
1310
917
514
2287
1837
1330
810
2390
1901
1314
718
2320
1749
1137
540
2158
1606
1026
480
2155
1670
1182
724
301
2130
1805
1480
1188
956
766
631
530
478
467
477
567
679
819
1024
1264
1550
1886
2252
500
880
1322
1807
2320
650
1227
1782
2347
745
1351
1935
2450
924
1531
2083
2448
992
1511
1994
2409
673
1077
1433
1761
2042
2292
2426
500
2495
631
651
626
562
460
2422
2310
2083
1786
1463
1101
700
500
2041
1576
1052
507
2151
1598
1009
653
543
478
467
490
555
660
815
1008
1245
1534
1858
2214
2481
838
1310
1799
2308
629
1198
1753
2326
722
1322
1914
2438
900
1491
2061
500
967
1460
1944
2379
642
1043
1399
1724
2022
2266
2417
2077
500
626
652
640
573
470
2436
2325
2097
1804
1487
1134
738
2431
2075
1578
1062
524
2157
1614
1025
430
2040
1457
862
500
1901
1338
782
2403
1951
1433
963
521
2323
1979
1644
1339
1073
859
695
576
497
466
474
520
614
750
915
1132
1395
1701
2041
2393
500
1098
1556
2052
2468
929
1513
2065
2483
1044
1662
2259
651
1247
1815
2358
737
1271
1764
2237
2501
894
1275
1613
1920
2190
2381
2468
500
601
648
650
599
510
2412
2376
2190
1914
1608
1267
879
460
2237
1777
1274
741
2360
1854
1241
660
2274
1689
1082
482
2104
1540
976
425
2126
1636
1148
690
500
2106
1781
1459
1175
948
760
624
528
474
2376
500
575
693
849
1053
1291
1594
1919
2292
500
931
1378
1865
2362
700
1284
1839
2385
802
1411
1998
2474
979
1585
2132
2272
1041
1565
2058
2437
732
1139
1477
1800
2085
2315
2438
500
2501
635
654
623
551
439
2416
2282
2040
1742
1407
1032
625
2375
992
1498
1970
2430
823
1405
1978
2459
947
1560
2149
530
1137
1686
2261
606
1159
1650
2137
500
807
1173
1513
1833
2114
2335
2447
500
584
642
652
620
540
426
2413
2271
2032
1733
1394
1028
622
2369
1947
1446
927
500
2036
1488
896
293
1930
1350
757
2347
1803
1214
657
2324
1830
1329
861
434
59
54
1606
1341
1079
869
700
577
501
467
475
524
610
736
910
1124
1388
1687
2039
2391
623
1067
1542
2037
2463
899
1480
2044
2488
1021
1645
2242
630
1238
1785
2343
716
1248
1742
2217
456
876
1237
1573
1894
2160
2361
2462
500
593
647
650
605
527
400
2392
2228
1971
1663
1319
946
533
2307
1861
1357
836
500
1934
1378
788
2376
1827
1205
609
2217
1668
1084
528
2202
1723
1216
759
500
2166
1828
1500
1211
982
786
639
538
479
470
490
547
666
806
1005
1233
1518
1847
2206
2476
824
1303
1785
2304
623
1194
1749
2326
713
1318
1902
2432
890
1492
2056
500
960
1453
1936
2375
631
1037
1388
1721
2017
2260
2416
500
554
622
653
636
580
481
2446
2344
2133
1845
1528
1170
777
500
2138
1663
1160
625
2259
1703
1122
528
2138
1555
948
340
1983
1429
873
925
1145
1414
1727
2068
2413
671
1127
1606
2110
2488
976
1567
2116
500
1100
1680
2283
667
1271
1833
2373
761
1293
1777
2254
542
911
1270
1599
1909
2177
2372
2465
2410
601
650
646
598
510
379
2376
2201
1929
1615
1275
900
483
2260
1801
1298
776
2374
1870
1283
690
2291
1722
1106
516
2126
1570
993
437
2139
1657
1169
711
2421
2120
1768
1441
1160
931
754
617
529
480
468
496
573
692
849
1045
1295
1591
1914
2282
2496
920
1404
1880
2379
734
1305
1874
2409
838
1447
2035
500
1021
1586
2159
504
1063
1550
2046
2429
726
1119
1463
1785
2081
2312
2438
500
2530
634
651
620
547
438
2418
2282
2040
1742
1416
1041
644
2383
1983
1468
940
404
2056
1502
918
315
1949
1373
774
2364
1828
1242
680
2332
1855
1342
878
444
2264
1908
1579
1277
1037
827
666
561
495
461
483
537
641
779
955
1181
1464
1772
2116
2438
727
1197
1672
2167
487
1045
1606
2181
556
1157
1753
2333
732
1323
1887
2405
804
1337
1833
2299
531
956
1306
1633
1948
2210
2388
2472
500
607
649
643
592
505
500
2368
2189
1927
1607
1267
885
466
2241
1792
1278
743
2358
1839
1253
657
2366
582
636
654
623
544
429
2415
2273
2036
1727
1399
1027
628
2372
1964
1459
935
500
2047
1490
909
305
1942
1364
764
2355
1817
1223
666
2325
1837
1334
866
432
2256
1911
1582
1270
1024
818
667
558
491
469
486
543
638
780
964
1187
1463
1773
2125
2436
730
1192
1668
2180
500
1054
1599
2174
565
1149
1743
2335
729
1319
1888
2407
810
1336
1831
2304
500
948
1310
1640
1950
2210
2389
1012
500
608
653
643
595
506
369
2373
2195
1919
1613
1268
885
465
2243
1793
1287
752
2363
1848
1258
664
2268
1693
1082
487
2100
1543
971
420
2120
1632
1143
691
500
2102
1767
1450
1171
943
754
621
525
472
467
498
568
688
843
1048
1286
1587
1918
2289
500
927
1374
1855
2359
701
1278
1836
2384
794
1414
1991
2469
978
1568
2124
487
1039
1533
2020
2422
705
1102
1452
1787
2065
2302
2431
2494
607
636
646
621
552
446
2422
2297
2057
1765
1437
1072
670
2405
2011
1501
986
446
2098
1543
955
362
1993
1418
818
2382
1861
1277
712
2360
1879
1377
910
469
2291
1938
1603
1298
1053
840
679
565
493
467
480
532
629
768
942
1160
1432
1750
2090
2445
689
1160
1640
2156
432
2404
2253
1999
1699
1366
990
578
2350
1930
1421
898
356
2006
1453
871
2413
1902
1286
677
2289
1720
1149
592
2264
1776
1271
815
384
2212
1863
1539
1247
1008
809
652
545
485
463
487
554
654
804
990
1225
1492
1815
2166
2459
787
1256
1738
2239
556
1125
1686
2260
639
1249
1832
2390
807
1411
1978
2447
887
1411
1904
2357
600
1012
1367
1690
1989
2247
2408
2485
662
621
655
640
579
477
343
2341
2148
1859
1545
1193
804
500
2158
1697
1181
654
2287
1746
1155
564
2169
1595
988
391
2033
1477
906
362
2064
1585
1092
638
2394
2070
1733
1403
1131
916
732
603
514
470
472
511
592
711
875
1075
1330
1638
1964
2335
500
986
1446
1942
2406
782
1357
1924
2435
895
1509
2096
2482
1078
1674
2245
570
1144
1634
2121
2466
802
1191
1531
1848
2126
2342
2452
494
590
643
649
616
535
419
2404
2261
2008
1707
1377
1000
594
2347
1926
1412
890
2434
1999
1405
821
2383
1838
1223
626
2243
1682
1105
546
2221
1733
1234
782
2450
2179
1817
1492
1208
975
785
639
540
474
463
487
562
669
821
1011
1246
1528
1868
2217
2483
840
1317
1795
2312
636
1211
1776
2385
2473
500
616
646
644
592
503
363
2367
2182
1910
1596
1254
868
451
2226
1764
1264
729
2344
1823
1240
639
2257
1683
1068
456
2089
1533
960
405
2105
1622
1134
680
2409
2091
1740
1421
1150
926
741
610
521
470
469
503
581
704
859
1059
1305
1616
1955
2309
518
954
1412
1889
2377
732
1308
1867
2403
59
1438
1987
2470
978
1569
2126
500
1036
1520
2022
2421
706
1103
1447
1778
2069
2302
2431
2497
671
640
653
627
555
446
2427
2297
2061
1764
1440
1069
667
2398
2006
1505
988
445
2097
1542
954
360
1991
1410
812
2385
1846
1271
707
2357
1884
1374
905
468
2281
1929
1598
1295
1040
832
672
557
492
464
479
531
628
771
947
1164
1434
1763
2109
2430
714
1176
1652
2150
2422
1027
1616
2200
500
1181
1763
2346
747
1339
1905
2413
825
1356
1844
2311
547
957
1316
1642
1949
2211
2391
2475
2603
609
651
644
583
488
356
2354
2165
1887
1564
1225
836
414
2194
1731
1216
687
2317
1784
1187
596
2203
1637
1022
421
2046
1493
920
365
2066
1591
1098
647
2389
2067
1725
1407
1134
908
732
604
519
469
472
506
586
709
872
1069
1317
1625
1958
2325
500
452
2423
2298
2057
1761
1432
1069
665
2391
1997
1495
981
434
2088
1540
960
500
1981
1407
807
2379
1855
1268
705
2355
1883
1365
904
470
2296
1936
1600
1290
1045
838
677
564
493
463
478
532
638
766
953
1170
1428
1759
2103
2426
714
1174
1640
2145
626
1019
1575
2148
2149
1129
1747
2337
739
1330
1894
2410
810
1339
1834
2304
536
954
1311
1631
1950
2206
2383
2458
500
613
649
648
595
499
372
2370
2187
1918
1605
1254
878
454
2234
1780
1270
741
2356
1838
1259
659
2273
1690
1078
488
2106
1555
980
422
2118
1648
1148
691
2416
2104
1757
1443
1156
931
747
612
521
475
466
503
576
697
857
1057
1301
1602
1944
2301
1770
948
1426
1901
2391
761
1328
1891
2420
862
1481
2066
500
1056
1617
2183
500
1085
1569
2069
2439
744
1142
1474
1796
2087
2318
2438
60
585
634
650
625
562
448
2427
2302
2067
1774
1441
1080
681
2400
2016
1516
1001
460
2103
1544
959
500
1988
1411
812
2376
1857
1270
710
2357
1885
1374
901
468
2286
1936
1602
1297
1047
842
677
565
493
463
478
532
630
773
944
1169
1429
1747
2098
2423
696
1162
1635
2133
1678
1019
1606
2184
977
413
2113
1623
1136
683
500
2103
1766
1437
1176
938
753
619
533
477
461
501
574
689
844
1044
1282
1579
1910
2281
2497
917
1398
1884
2358
735
1294
1867
2399
830
1433
2028
500
1017
1581
2149
525
1050
1548
2034
2426
712
1114
1466
1790
2074
2306
2433
500
577
636
655
630
559
453
2429
2306
2067
1785
1448
1092
691
500
2031
1562
1043
511
2136
1596
1008
416
2030
1441
847
500
1885
1334
767
2389
1936
1422
951
510
2319
1972
1639
1332
1065
861
695
576
504
464
471
524
617
746
913
1133
1403
1708
2048
2396
640
1092
1564
2059
2467
930
1511
2072
61
57
1581
2132
524
1125
1684
2257
627
1162
1647
2136
2473
813
1201
1538
1861
2132
2349
2452
439
593
643
652
617
531
419
2404
2254
2005
1702
1365
994
585
2349
1933
1419
900
2449
2004
1415
829
2392
1855
1240
641
2253
1689
1110
556
2222
1740
1236
782
351
2178
1837
1519
1226
985
792
648
552
482
466
483
552
655
807
985
1224
1503
1822
2175
2474
789
1263
1745
2247
574
1142
1686
2272
647
1252
1839
2399
832
1424
1987
2453
900
1426
1912
2361
601
1017
1372
1702
2004
2249
2412
2487
2538
