2297
2131
843
468
815
1839
1214
1117
1249
1420
1422
1007
2249
737
417
1762
346
557
574
506
545
869
1604
707
479
946
2066
1514
1459
1628
1788
1760
1263
2374
615
2428
1544
2127
2226
2037
1840
1821
2222
1004
482
700
1595
823
2532
2061
848
938
2519
1950
614
551
2111
849
1201
1244
1070
953
1108
1768
768
474
880
1944
1356
1277
1428
1595
1571
1111
2310
668
374
1664
500
389
387
326
393
744
1526
678
489
1006
2154
1693
1669
1859
2030
1955
1405
2417
627
500
1405
2047
2135
1965
1761
1777
2180
986
473
689
1573
809
2229
668
847
847
500
1861
2141
585
2174
969
1335
1403
1217
1061
1188
1785
767
466
877
1941
1354
1263
1429
1602
1572
1125
2320
614
358
1643
500
342
340
285
500
717
1502
666
487
1014
2173
1710
1692
1876
2040
1966
1419
2421
624
2413
1383
1898
1952
1780
1602
1639
2098
933
467
728
1669
939
827
881
898
874
500
1910
500
577
2195
1015
1398
1423
1244
1101
1223
1796
784
463
863
1914
1313
1226
1382
1557
1540
1100
2300
500
381
1690
500
436
430
367
413
746
1523
679
491
1003
2156
1697
1687
1863
2037
1965
1422
2420
624
2405
1370
1877
1379
1013
2259
599
416
1757
332
538
563
491
527
841
1589
703
471
971
2095
1543
1489
1654
1820
1798
1283
2383
631
286
1507
2205
500
2169
2119
2071
500
1110
516
607
1387
500
2415
2382
2489
500
2462
1769
500
592
2240
1091
1494
1518
1338
1189
1284
1851
798
457
839
1867
1255
1148
1305
1475
1471
1042
2272
2533
403
1662
500
375
364
308
362
726
1512
667
491
1015
2178
1718
1690
1876
2030
1969
1417
2421
629
2382
1376
1883
1951
1775
1600
1634
2093
927
469
718
1661
929
851
902
889
876
500
1893
500
580
2201
1027
1410
1428
1250
1113
1226
1803
778
464
873
1935
1355
1279
1440
1615
1600
1147
2326
578
358
1651
500
362
351
287
500
707
1494
664
488
1029
2195
1744
1740
1937
2084
2006
1441
2429
623
2372
1351
1847
1897
1711
1537
1579
2054
913
467
746
1696
965
799
833
901
911
587
1910
500
579
2188
997
1368
1463
1277
1136
1250
1822
791
466
851
1894
1291
1196
1346
1508
1513
1070
2286
660
394
1701
277
472
501
429
473
795
1558
689
484
975
2112
1573
1540
1713
1872
1816
1304
2390
615
286
1505
2201
500
2154
2096
2062
500
1107
519
612
1390
2202
1600
500
617
2333
1255
1708
1754
1575
1413
1487
1983
873
461
781
1760
1075
933
1036
1129
1140
791
2122
500
503
1969
664
965
999
909
904
1137
1790
780
468
873
1933
1340
1252
1410
1597
1589
1124
2314
2549
2449
1597
2197
2290
2148
1954
1939
2291
1059
492
668
1516
500
500
500
500
500
2369
1638
2474
607
2267
1133
1567
1581
1394
1246
1337
1885
819
465
828
1845
1216
1097
1242
1402
1403
996
2252
500
439
1817
422
653
662
584
603
909
1639
733
476
930
2025
1469
1405
1568
1744
1709
1212
2359
614
328
1582
2274
500
2251
2204
2154
288
1153
535
582
1323
500
2351
2295
2443
500
2429
1717
500
601
2278
1154
1581
1602
1414
1254
1338
1872
812
469
833
1869
1237
1137
1278
1450
1437
1008
2258
2540
420
1696
2406
435
277
500
500
640
61
55
477
885
1953
1369
1283
1437
1619
1603
1143
2327
621
500
1639
2343
500
500
2293
500
457
1324
594
528
1160
2366
2023
2061
2265
2376
2291
1655
2472
613
2266
1128
1548
1565
1382
1232
1327
1876
816
471
831
1853
1233
1129
1268
1439
1432
1015
2258
2542
417
1696
500
427
419
347
391
727
1507
673
490
1018
2057
909
467
746
1705
985
851
825
938
916
1549
1916
2501
559
2068
808
1134
1192
1016
908
1077
1743
761
472
890
1962
1380
1294
1443
1615
1606
1147
2326
576
356
1639
500
349
330
276
340
705
1502
669
489
1011
2172
1705
1694
1874
2042
1960
1419
2403
623
2377
1379
1892
1962
1783
1604
1630
2094
928
470
729
1661
1009
841
869
960
933
2449
1943
830
550
2086
835
1172
1214
1037
918
1083
1750
759
470
887
1952
1370
1287
1438
1608
1594
1136
2320
577
363
1653
500
364
355
293
356
712
1507
670
488
1007
2161
1706
1702
1873
2037
1966
1417
2421
629
2378
1372
1872
1923
1741
1553
1590
2058
914
466
743
1685
951
794
844
896
913
1104
1922
500
566
2131
900
1246
1316
1136
1001
1145
1748
760
468
890
1970
1385
1302
1465
1632
1611
1155
2332
598
500
1645
500
356
347
298
365
731
1512
672
494
1013
2171
1716
1694
1889
2054
1991
1437
2423
625
2403
1363
1873
1931
1757
1591
1620
2081
924
468
738
1675
947
784
835
890
862
563
1896
500
578
2195
1003
1382
1396
1212
1080
1212
1776
778
470
872
1921
1314
1233
1383
1548
1543
1092
2298
612
2395
1700
500
2291
1147
1565
1588
1397
1243
1335
1881
823
460
827
1848
1218
1097
1241
1399
1396
989
2240
500
443
1823
434
671
679
602
619
920
1649
726
473
925
2026
1474
1407
1584
1753
1722
1233
2364
602
317
1559
2267
500
2237
2197
2155
283
1150
538
579
1311
2482
2319
2382
2479
500
2453
1753
500
594
2250
1107
1519
1537
1354
1217
1316
1867
816
463
840
1857
1237
1126
1281
1458
1460
1025
2261
500
409
1753
500
549
561
497
532
846
1589
701
482
962
2086
1539
1495
1655
1827
1795
1283
2380
622
2417
1511
2085
2180
2017
1809
1819
2217
1004
479
699
1599
833
2556
2543
887
970
2550
1955
1933
547
2031
745
1059
1115
960
845
1081
1735
753
466
898
1977
1398
1333
1484
1659
1641
1178
2341
2549
348
1539
2238
500
2207
2151
2106
2392
1134
507
619
1415
500
2439
2409
500
500
2421
1702
2479
607
2234
1070
1474
1490
1292
1142
1252
1817
789
451
851
1900
1297
1205
1358
1527
1523
1083
2294
2543
387
1627
500
326
311
250
323
695
1491
665
494
1020
2181
1728
1702
1899
2053
1976
1432
2425
629
2412
1375
1891
1950
1778
1599
1636
2093
925
475
735
1673
950
805
583
1358
500
2389
2350
500
500
2390
1658
2475
605
2260
1118
1527
1547
1364
1228
1325
1877
816
465
833
1858
1238
1129
1281
1453
1456
1027
2264
2418
413
1685
2407
388
500
500
500
597
1425
633
506
1059
2255
1817
1821
2010
2170
2084
1504
2445
626
2345
1290
1763
1802
1637
1453
1495
2004
879
464
773
1750
1071
913
1012
1109
1114
754
2098
500
516
2004
714
1014
1066
910
825
1076
1740
752
469
890
1963
1381
1308
1463
1626
1603
1150
2328
579
352
1641
500
349
335
283
347
713
1504
670
490
1007
2172
1714
1691
1876
2040
1973
1420
2421
626
2371
1377
1881
1932
1741
1558
1589
2055
906
473
747
1701
975
809
855
904
906
813
1913
2408
570
2110
863
1186
1238
1065
947
1113
1765
764
467
881
1944
1359
1270
1435
1599
1581
1120
2315
648
2448
1655
2272
500
2237
2187
2150
272
1148
531
583
1318
2489
2337
2394
500
500
2418
1697
2478
608
2231
1071
1470
1488
1301
1150
1254
63
58
462
721
1647
909
884
500
884
819
500
1877
517
586
2227
1059
1460
1479
1297
1157
1264
1828
796
470
849
1896
1282
1191
1348
1517
1515
1067
2289
500
388
1702
265
447
473
494
1326
595
531
1159
2375
2037
2087
2284
2390
2301
1668
2475
614
2261
1111
1531
1535
1361
1225
1315
1864
806
472
835
1864
1249
1148
1300
1470
1473
1042
2276
2541
396
1659
500
358
350
286
353
719
1507
668
491
1007
2168
1709
1704
1882
2046
1974
1428
2428
627
2392
1370
1878
1942
1773
1595
1636
2097
930
471
734
1658
916
890
882
877
866
500
1882
500
583
2207
1044
1434
1451
1257
1116
1225
62
58
465
730
1658
921
858
897
887
863
500
1894
500
582
2202
1027
1417
1434
1247
1099
1228
1809
784
466
861
1916
1322
1231
1397
1562
1544
1094
2304
500
385
1683
2413
404
500
500
500
594
1423
630
506
1062
2254
1813
1822
2014
2172
2090
1510
2441
618
2341
1280
1759
1798
1626
1459
1505
2009
879
466
769
1741
1043
903
1014
1088
1108
754
2092
500
523
2017
720
1036
1083
922
828
1074
1736
750
469
901
1983
1405
1328
1490
1667
1645
1179
2342
620
2437
1608
2213
500
2159
2124
2080
500
1111
515
605
1372
500
2400
2360
2474
500
2449
1747
500
590
2258
1111
1526
1535
1364
1221
1317
1861
810
466
835
1861
1235
1145
1285
1464
1475
1038
2268
500
404
2035
722
1031
1064
898
804
1046
1729
750
474
900
1987
1402
1322
1488
1659
1643
1183
2323
676
2444
1602
2200
2293
2143
1945
1934
2286
1050
485
670
1533
762
500
500
1746
500
2469
1785
2489
581
2169
951
1316
1388
1207
1077
1198
61
57
466
734
1671
945
824
868
898
884
579
1915
517
579
2199
1013
1398
1412
1231
1096
1216
1800
782
471
869
1911
1331
1243
1390
1571
1555
1104
2304
666
378
1663
500
395
500
323
386
728
1511
669
488
1009
2163
1702
1690
1881
2043
1968
1426
2424
623
2377
1374
1883
1943
1760
1584
1619
2083
919
467
739
1687
952
787
861
904
919
1512
1917
500
556
2121
889
1230
1292
1111
982
1133
1789
774
465
875
1937
1351
1261
1427
1594
1565
1113
2308
600
370
1672
500
389
382
322
375
736
1517
674
484
1001
2149
1688
1667
1863
2026
1965
1413
2421
618
2379
1380
1878
1937
1766
1588
1627
2078
911
465
742
1690
948
790
858
893
912
580
1906
500
577
2196
1006
1395
1412
1235
1088
1220
1804
788
470
871
1922
1329
1242
1396
1572
1548
1102
2306
619
378
1676
500
409
412
348
397
739
1522
677
489
1007
2174
1717
1698
1891
2057
1991
1190
2463
2261
2327
2455
500
2440
1733
2489
596
2205
1020
1410
1420
1234
1104
1223
1798
780
466
857
1911
1307
1225
1379
1555
1534
1089
2296
500
388
1702
270
457
481
399
437
765
1527
673
488
1009
2167
1707
1687
1864
2041
1972
1417
2424
626
2376
1379
1890
1943
1773
1595
1633
2092
930
476
733
1656
912
500
500
829
781
500
1850
500
594
2244
1090
1495
1527
1340
1194
1292
1855
802
467
845
1876
1272
1177
1314
1484
1486
1057
2287
500
397
1717
283
481
506
433
467
787
1550
680
486
982
2134
1601
1564
1738
1917
1871
1340
2398
620
500
1454
2126
2217
2028
1837
1832
2231
1005
472
696
1592
830
2537
611
874
799
500
1868
500
583
2220
1056
1449
1463
1273
1135
1255
1819
793
470
853
1890
1286
1191
1350
1520
1510
1069
2284
567
500
1713
281
480
499
427
468
793
1559
684
488
988
2128
1598
1582
1770
1924
1879
1345
2400
623
500
1464
2130
2228
2063
1865
1872
2253
1025
485
685
1565
779
1502
60
59
653
2368
1648
500
604
2313
1226
1665
1705
1524
1374
1437
1954
861
466
792
1777
1100
966
1074
1189
1175
811
2143
2527
494
1870
513
758
775
694
500
2404
1688
2480
602
2231
1066
1466
1497
1304
1163
1263
1831
794
463
841
1882
1275
1172
1326
1493
1490
1060
2282
605
396
1720
500
488
491
417
460
787
1540
675
488
998
2145
1622
1598
1791
1958
1902
1354
2405
2644
2435
1353
1852
1917
1734
1562
1597
2060
920
466
739
1684
953
796
847
894
893
710
1914
500
579
2187
994
1376
1465
1295
1156
1260
1826
790
464
847
1889
1285
1193
1350
1523
1513
1075
2288
500
385
1711
500
492
492
427
468
802
1560
690
476
985
2110
1580
1542
1723
1877
1828
1319
2393
632
2413
1483
2037
2121
1944
1731
1748
2170
973
468
701
1611
852
500
500
913
500
2486
1814
500
582
2206
1032
1430
1439
1253
1111
1222
1796
776
470
864
1911
1322
1237
1398
1571
1543
1097
2304
500
500
1692
256
434
469
396
424
760
1527
680
485
998
2152
1630
1605
1786
1945
1894
1356
2407
620
2398
1434
1961
2049
1864
1666
1686
2118
945
467
717
1639
886
500
500
870
500
500
1821
2490
595
2207
1019
1401
1412
1221
1085
1212
1800
774
464
871
1917
1326
1248
1408
1574
1559
1104
2302
2795
373
1587
2299
270
2282
2244
2192
311
1163
535
582
475
929
2035
1487
1428
1611
1773
1750
1246
2369
631
313
1557
2264
500
2224
2190
2154
282
1152
529
582
1326
500
2339
2270
2425
2484
2409
1763
2263
589
2191
991
1362
1443
1259
1107
1218
1802
779
455
872
1921
1341
1240
1409
1573
1556
1100
2308
500
373
1672
500
500
400
345
401
733
1521
674
492
1003
2150
1693
1679
1866
2037
1962
1416
2420
629
2379
1388
1901
1959
1785
1616
1648
2099
936
471
728
1654
910
875
500
893
818
526
1881
502
584
2212
1045
1433
1454
1265
1129
1255
1814
787
465
856
1905
1305
1221
1373
1551
1528
1085
2292
500
388
1706
261
442
469
383
408
747
1513
671
491
1008
2161
1699
1691
1877
2048
1974
1435
2428
625
2376
1359
1857
1930
1746
1576
1606
2077
918
471
734
1670
943
851
896
888
870
500
1896
500
579
2203
1025
1408
1420
1234
1101
1223
1803
780
469
872
1931
1348
1264
1431
1593
1580
1120
2315
629
500
1661
500
382
375
314
382
741
1524
673
487
1003
2156
1692
1672
1863
2034
1963
1413
2420
629
2371
1389
1897
1966
1793
1610
1645
2093
932
471
727
1656
915
876
500
896
820
500
1875
500
584
2212
1034
1422
1434
602
2208
1025
1406
1417
1221
1084
1209
1796
777
468
862
1913
1319
1247
1399
1574
1553
1103
2303
675
500
1666
2369
398
500
500
500
599
1429
636
501
1058
2252
1813
1836
2015
2183
2087
1509
2443
620
2324
1282
1747
1779
1603
1439
1506
1999
879
466
763
1736
1040
906
1003
1073
1091
756
2079
1992
526
1957
642
932
957
857
844
1075
1746
755
469
890
1961
1375
1293
1437
1616
1595
1144
2324
671
356
1628
500
500
322
500
325
685
1479
656
499
1036
2200
1751
1752
1933
2094
2010
1442
2425
625
2360
1358
1864
1910
1743
1560
1598
2066
917
466
739
1675
948
798
826
931
911
1956
1931
500
556
2117
886
1234
1293
1110
986
1129
1773
771
468
879
1934
1362
1275
1427
1589
1580
1118
2311
649
500
1661
500
376
500
309
371
725
1514
676
483
1007
2158
1703
1687
1866
2029
1964
1415
2419
628
2382
1379
1891
1952
1775
1596
1630
2092
925
471
729
1665
936
773
887
899
862
500
1893
500
581
2204
1023
1411
1433
1247
1102
1219
1802
784
471
863
1913
1326
1244
1401
1571
1555
1115
2307
2547
372
1595
2318
291
2304
2268
2216
339
1184
542
572
1306
2469
2293
2356
1375
1290
1098
963
1116
1771
766
469
874
1940
1345
1257
1421
1593
1578
1116
2307
585
371
1667
500
398
394
333
394
746
1533
680
484
993
2136
1610
1577
1769
1930
1886
1347
2404
631
500
1436
2087
2183
2024
1817
1824
2220
1002
481
691
1592
816
2521
1979
866
926
2486
1942
600
549
2106
848
1192
1236
1052
935
1100
1768
770
469
885
1956
1359
1272
1435
1594
1579
1120
2315
652
500
1663
500
378
378
313
383
742
1522
678
485
1002
2152
1693
1670
1870
2029
1956
1408
2421
620
2380
1394
1905
1968
1785
1613
1647
2093
930
468
724
1662
925
875
500
888
870
500
1906
500
576
2197
1001
1374
1389
1212
1080
1211
1799
777
466
866
1918
1335
1252
1419
1597
1582
1126
2316
627
367
1667
500
383
370
500
381
722
1514
675
490
1007
2166
1703
1685
1872
2048
1973
1426
2412
625
2377
1376
1884
1942
1760
1581
1611
2073
911
462
745
1691
969
804
841
912
914
952
1906
1700
570
2133
891
1241
1303
1118
974
1131
1787
779
468
868
1934
1332
1246
1395
1564
1550
1098
2299
500
385
1703
260
458
479
407
445
771
500
500
474
941
2052
1491
1447
1622
1796
1784
1270
672
492
1024
2191
1748
1755
1941
2096
2015
1456
2431
621
2365
1358
1851
1909
1734
1563
1600
2063
911
470
744
1683
954
795
836
888
885
581
1911
500
575
2193
1004
1378
1396
1210
1079
1206
1791
775
470
872
1931
1329
1241
1393
1565
1551
1100
2300
615
376
1683
500
407
400
340
403
739
1523
677
489
1002
2159
1697
1678
1866
2036
1961
1409
2421
628
2379
1376
1891
1953
1784
1610
1641
2094
924
472
729
1660
923
858
898
890
867
500
1902
500
581
2207
1025
1407
1429
1242
1107
1221
1802
782
466
866
1917
1324
1242
1397
1576
1549
1100
2300
661
377
1665
500
380
362
500
346
689
1485
660
496
1026
2191
1746
1739
60
2094
1789
1281
2386
620
286
1501
2193
2351
2154
1957
1939
2301
1061
490
665
1515
738
500
131
500
500
2369
1642
2469
616
2268
1136
1557
1575
1407
1253
1344
1884
815
465
835
1860
1249
1149
1299
1474
1465
1040
2271
2550
401
1673
500
378
368
500
372
719
1512
671
488
1008
2151
1699
1676
1863
2041
1963
1418
2423
631
2380
1384
1896
1959
1784
1608
1639
2094
935
470
727
1658
916
864
500
894
825
500
1886
500
582
2210
1037
1422
2172
500
452
1840
458
681
691
603
618
923
65
500
463
821
1835
1197
1079
1209
1379
1385
975
2234
500
454
1845
457
695
704
618
637
931
1655
733
475
921
2005
1445
1384
1555
1735
1698
1214
2361
604
2429
1577
2167
2264
2093
1880
1885
2269
1031
480
680
1561
776
1030
1080
500
874
500
1844
500
590
2241
1100
1510
1513
1336
1204
1301
1851
802
466
833
1873
1254
1145
1300
1474
1466
1042
2273
2544
403
1662
500
383
375
316
378
737
1528
677
482
1004
2155
1692
1680
1867
2033
1973
1418
2419
613
2383
1387
1897
1960
1790
1611
1638
2099
930
474
725
1656
934
820
869
928
919
1749
1923
500
555
2121
880
1221
1271
1100
977
1122
1774
766
468
870
1945
1368
1286
1445
1618
1599
1157
2326
619
358
1641
500
336
335
273
344
713
1505
671
486
1008
2163
1704
1697
1879
2040
1969
1422
2420
625
2408
1372
1875
1936
1757
1583
1617
2073
915
466
737
1674
949
813
500
500
870
500
1877
500
584
2221
1059
1457
1486
1299
1153
1256
1815
791
466
852
1897
1302
1211
1359
1532
1514
1070
2286
500
395
1714
286
487
511
435
470
785
1544
683
487
986
2151
1625
1609
1795
476
997
2159
1644
1627
1821
1989
1929
1384
2412
627
500
1430
2079
2169
2012
1788
1807
2209
995
480
686
1570
810
2479
1366
831
917
1913
1930
500
555
2136
893
1243
1299
1109
981
1124
1781
762
465
880
1943
1356
1268
1431
1599
1576
1122
2319
617
367
1668
500
377
500
322
384
722
1508
675
486
1009
2168
1716
1700
1887
2041
1975
1432
2423
626
2376
1373
1881
1942
1769
1586
1618
2080
922
467
741
1678
944
818
870
909
874
568
1916
503
573
2195
1006
1385
1398
1216
1090
1210
1804
776
470
867
1916
1330
1235
1392
1576
1551
1103
2302
676
369
1668
500
379
361
294
343
696
1490
661
490
1017
2178
1727
1711
1901
2056
1997
1438
2426
624
2367
1354
1840
1893
1712
1541
1580
2059
914
461
741
1685
955
793
832
895
882
699
1914
500
570
2184
983
1369
1456
1277
1137
1256
1830
794
461
853
1894
1289
1201
1362
1539
1533
1086
2294
610
389
1700
276
468
498
425
463
792
1552
687
481
980
2115
1578
1553
1730
1880
1843
1324
2392
631
273
1483
2166
2272
2087
1901
1892
2261
1028
480
665
1555
771
1000
500
500
2566
2462
1845
1065
573
2135
901
1252
1318
1375
1331
1471
1646
1628
1178
2344
2830
500
1529
2223
500
2143
2114
2077
500
1117
521
601
1373
500
2397
2355
2469
500
2449
1744
64
598
2302
1204
1641
1670
1478
1304
1392
1914
835
469
810
1829
1176
1070
1194
1360
1364
964
2230
500
448
1838
462
709
714
631
648
942
1649
736
470
923
2011
1458
1376
1539
1705
1671
1189
2346
622
337
1604
2352
299
500
2275
500
446
1316
591
527
1164
2375
2042
2093
2289
2394
2316
1673
2476
603
2254
1110
1522
1544
1355
1220
1319
1864
812
466
834
1858
1231
1127
1273
1454
1438
1013
2256
2543
414
1691
500
429
424
348
382
727
1506
660
492
1025
2195
1737
1733
1915
2070
1996
1442
2424
623
2372
1352
1846
1895
1711
1533
1570
2058
909
467
745
1682
959
810
827
941
915
2041
1926
964
558
2114
868
1204
1251
1081
957
1113
1774
770
471
875
1931
1343
1241
1410
1590
1577
1118
2316
640
500
1668
500
388
377
318
378
743
1528
672
485
996
2146
1618
1593
1777
1941
1877
1341
2402
616
2405
1461
2015
2108
1931
1732
1753
2167
974
472
693
1595
822
2535
2167
875
954
2522
1944
722
546
2097
833
1164
1208
1021
890
659
1553
770
626
500
2487
1435
2484
1877
500
564
2169
940
1302
1371
1189
1055
1185
1783
774
469
873
1925
1341
1248
1410
1579
1562
1110
2309
500
371
1668
500
404
394
332
381
734
1517
670
487
1011
2162
1700
1682
1865
2037
1965
1413
2424
628
2392
1386
1890
1962
1780
1605
1637
2100
924
468
727
1661
939
828
877
894
870
500
1904
500
573
2192
1012
1402
1421
1226
1091
1213
1808
780
467
863
1916
1319
1242
1395
1573
1552
1100
2301
2548
376
1605
2314
500
500
2251
500
421
1309
585
531
1166
2379
2052
2089
2288
2390
2301
1666
2475
599
2255
1104
1522
1536
1336
1178
1277
1831
798
463
851
1879
1277
1173
1328
1488
1489
1061
2281
500
500
1703
500
466
472
402
442
772
1532
678
482
995
2141
1606
1577
1754
1923
1879
1344
2398
622
2404
1462
2017
2097
1924
1735
1742
2168
968
473
701
1604
851
2566
672
925
889
755
1915
1050
579
2151
920
1285
1348
1166
1036
1159
1767
762
461
880
1949
1366
1275
1443
1597
1598
1124
2317
616
367
1659
500
381
380
316
381
745
1530
675
482
1000
2146
1680
1676
1864
2028
1960
1411
2419
630
2381
1377
1887
1946
1767
500
500
803
500
2490
1816
500
580
2202
1031
1421
1433
1250
1113
1228
1800
784
467
860
1911
1321
1243
1397
1572
1558
1103
2306
646
375
1668
500
391
375
312
372
725
1515
669
487
1009
2168
1704
1698
1890
2048
1990
1432
2424
628
2372
1370
1871
1944
1764
1580
1619
2077
918
473
733
1674
944
847
897
891
863
2435
1903
1958
558
2082
821
1150
1193
1010
903
1072
1733
759
467
887
1954
1379
1288
1443
1616
1599
1144
2328
626
500
1636
2349
341
500
2340
500
462
1339
600
528
1153
2364
2023
2077
2271
2372
2300
1663
2475
607
2252
1110
1524
1535
1358
1209
1304
1853
799
465
843
1884
1286
1188
1352
1525
1514
1073
2295
500
500
1701
277
472
490
413
454
782
1543
685
484
990
2129
1612
1592
1773
1934
1875
1336
2406
631
500
1463
2132
2229
2080
1867
1874
2254
1020
482
682
1563
784
1449
500
500
500
2480
1803
500
582
2210
1036
1424
1445
1267
1124
1241
1809
784
471
863
1913
1323
1235
1383
1566
1540
1102
2299
2542
363
1617
500
289
276
500
500
669
1474
656
494
1037
2206
1763
1758
1946
2112
2016
1463
2436
624
2363
1337
1822
1857
1686
1504
1547
1338
1037
2448
2465
1535
500
500
1855
500
587
2228
1081
1484
1514
1321
1178
1275
1836
800
468
836
1873
1268
1157
1308
1480
1474
1056
2282
500
394
1722
294
492
513
434
469
790
1544
682
487
993
2133
1606
1569
1750
1917
1861
1340
2400
628
500
1459
2126
2223
2047
1846
1847
2233
1005
488
694
1583
808
2487
1125
834
915
1617
1925
500
558
2125
892
1238
1299
1124
994
1135
1783
775
468
869
1920
1332
1244
1394
1565
1546
1094
2304
612
2453
1684
2323
278
500
2247
2349
410
1231
561
554
1243
2437
2185
2252
2404
2466
2391
1742
2487
592
2206
1020
1401
1410
1209
1064
1183
1779
762
469
875
1940
1350
1272
1426
1593
1575
1116
2315
584
368
1658
500
363
357
293
500
724
1500
672
488
1013
2173
1721
1697
1879
2066
1975
1428
2424
624
2379
1374
1885
1938
1766
1586
1622
2077
916
463
740
1686
959
812
831
940
924
2345
1933
2483
551
2050
767
1086
1131
972
857
1097
1761
767
466
882
1948
1359
1281
1444
1606
1586
1132
2321
500
357
1650
500
359
500
301
362
711
1504
670
491
1016
2171
1710
1690
1866
2036
1964
1421
2424
630
2364
1366
1864
1907
769
470
896
1975
1408
1327
1499
1677
1650
1188
2343
2545
345
1538
2234
500
2215
2151
2114
254
1134
533
583
1331
500
2341
2274
2423
2480
2405
1770
500
589
2242
1100
1497
1511
1322
1175
1269
1825
791
466
845
1882
1277
1181
1327
1499
1501
1060
2285
500
395
1718
286
495
518
445
475
795
1546
685
487
985
2123
1580
1555
1733
1894
1854
1325
2393
633
500
1480
2154
2236
2099
1883
1890
2269
1029
486
678
1552
771
2440
500
935
500
500
1815
2489
600
2207
1024
1415
1433
1239
1101
1222
1806
776
465
863
1919
1325
1258
1411
1570
1564
1100
2308
608
391
1665
500
370
348
283
336
693
1484
657
494
1027
2189
1737
1721
1909
2079
2018
1454
2431
625
2363
1337
1833
1873
1700
1531
1576
2053
910
462
742
1685
962
802
825
916
906
752
1909
500
575
2190
997
1379
1465
1289
1150
1258
1828
788
464
850
1895
1310
1223
1379
1555
1538
1091
2293
2545
384
1628
500
330
314
500
330
683
1486
655
491
1025
2199
1740
1732
1924
2083
2010
1447
2443
628
2365
1343
1839
1882
1717
1543
1581
2057
909
471
746
1696
957
805
835
910
937
2301
1929
2505
554
2048
768
1077
2324
2225
1605
2466
612
2289
1166
1587
1611
1432
1263
1347
1898
824
464
821
1837
1202
1086
1237
1399
1397
977
2232
500
447
1825
443
686
694
611
631
933
1657
729
472
926
2025
1476
1414
1586
1740
1714
1218
2358
605
323
1577
2266
500
2267
2203
2156
288
1158
535
580
1306
2481
2312
2372
2476
500
2450
1746
2488
596
2200
1013
1397
1408
1224
1078
1205
1803
776
469
867
1928
1345
1253
1412
1587
1569
1109
2307
608
367
1660
500
500
370
500
370
723
1510
669
488
997
2159
1640
1612
1804
1973
1919
1379
2412
631
500
1421
2077
2164
2002
1783
1799
2194
985
472
692
1594
831
2553
2542
888
952
711
1943
1113
566
2120
865
1191
1238
1062
930
1096
1761
769
466
884
1953
1374
1283
1431
1604
1587
1134
2323
615
361
1643
500
346
500
278
344
713
1507
668
493
1009
2163
1703
1699
1877
2046
1977
1429
2423
628
2366
1359
1860
1917
1741
1568
1603
2072
920
470
738
1675
947
823
877
900
883
2494
1914
500
560
2137
899
1255
1307
1132
1001
1145
1752
759
469
894
1958
1373
1292
1449
1618
1604
1143
2323
572
2463
1647
2262
500
2220
2157
2112
252
1131
531
1907
1811
2011
2170
2090
1509
2444
628
2342
1284
1754
1784
1616
1449
1511
1999
888
465
765
1724
1031
886
997
1075
1029
731
2045
2515
531
1994
693
1001
1043
883
783
1026
1710
742
474
911
2004
1433
1360
1528
1700
1679
1193
2364
605
2436
1601
2199
2335
2156
1961
1937
2298
1062
486
661
1522
738
500
500
500
500
2392
1663
2434
604
2254
1111
1518
1538
1367
1227
1323
1868
814
467
831
1856
1234
1138
1267
1439
1429
1015
2252
500
407
1771
365
581
595
520
556
862
1609
711
478
944
2061
1514
1457
1620
1783
1762
1257
2371
622
298
1542
2244
500
2225
2155
2112
500
1128
524
602
1372
500
2399
2359
2472
500
2452
1751
2490
591
2197
997
1371
1452
1280
1140
1253
1816
784
463
852
1897
1297
1202
1355
1525
1532
1073
2289
564
394
1710
269
475
500
422
466
795
1547
691
487
976
2114
1574
1544
1720
1896
1843
1326
2398
629
2408
1472
2020
2106
1924
1729
1741
2158
969
466
701
1604
849
2565
958
891
872
572
1913
500
578
2199
1011
1394
1417
1234
1095
1212
1806
780
469
864
1917
1325
1249
1404
1575
1558
1110
2309
663
369
1653
500
353
344
281
345
811
820
713
698
968
1673
744
479
909
2000
1423
1357
1519
1698
1667
1191
2345
2549
337
1537
2224
500
2194
2147
2093
500
1124
525
596
1367
500
2391
2344
2466
500
2437
1732
2487
589
2201
1010
1395
1405
1222
1071
1205
65
57
463
739
1671
940
806
875
883
866
500
1903
500
575
2195
1013
1399
1417
1239
1099
1220
1810
784
464
862
1906
1312
1212
1368
1540
1533
1087
2303
500
386
1701
260
445
476
403
440
776
1539
686
483
990
2135
1612
1579
1760
1926
1882
1343
2403
632
2399
1448
1988
2063
1893
1702
1718
2150
968
471
702
1625
851
2568
2547
894
978
2552
1955
500
542
2078
815
1135
1170
998
887
1123
1774
767
469
878
1946
1363
1286
1445
1627
1610
1157
2336
623
346
1625
500
336
324
274
330
705
1502
670
485
1011
2181
1723
1702
1890
2050
1971
1426
2419
631
2394
1383
1897
1962
1783
1599
1633
2095
923
468
738
1677
944
812
874
895
868
500
1902
500
577
2196
1009
1395
1409
1217
1071
1210
1797
776
471
862
1914
1317
1229
1396
1568
1547
1101
2303
616
500
1676
2388
409
250
500
276
632
1457
652
495
1043
2220
1789
1788
1980
2146
2067
1492
2443
1119
1166
1743
752
470
898
1982
1404
1329
1491
1666
1644
1180
2345
593
500
1612
500
294
500
248
311
686
1488
660
493
1033
2195
1748
1740
1927
2083
2025
1454
2429
625
2363
1346
1837
1863
1695
1522
1559
2042
905
468
746
1701
979
831
824
947
907
1630
1922
500
553
2120
890
1236
1300
1118
986
1133
1791
775
465
867
1919
1331
1244
1400
1575
1563
1105
2309
572
500
1674
2374
393
500
2335
500
498
1356
605
521
1131
2344
1981
2007
2213
2350
2247
1636
2470
616
2275
1148
1573
1604
1420
1259
1351
1895
826
461
826
1844
1202
1079
1231
1386
1393
983
2241
500
436
1804
409
616
622
554
592
889
1620
713
474
940
2053
1489
1459
1642
1821
1778
1273
2380
623
297
1522
2234
500
2191
2140
2102
2387
1127
512
627
1431
1864
2445
2487
2544
500
500
1883
500
588
2213
1048
1447
1464
1277
1123
1236
1806
778
469
870
1926
1342
1257
1414
1573
1574
1108
2307
651
500
1661
500
380
373
316
377
738
1522
678
489
998
2148
1628
1599
1784
1945
1889
1352
2405
623
2398
1432
1976
2061
1891
1695
1716
2141
957
475
709
1604
858
500
671
500
500
2483
1802
500
500
500
500
600
1427
633
503
1066
2248
1822
1831
2009
2184
2097
1520
2444
625
2342
1286
1756
1793
1622
1452
1503
2007
886
467
766
1738
1046
902
1013
1087
1107
747
2096
2512
517
1938
603
877
904
803
792
1044
1729
748
474
903
1982
1393
1314
1471
1636
1609
1149
2330
622
346
1647
500
500
340
285
347
715
1508
668
489
1013
2167
1715
1704
1889
2052
1983
1433
2428
622
2375
1368
1881
1926
1745
1552
1593
2067
917
469
738
1680
948
796
854
889
869
574
1902
500
574
2198
1000
1386
1395
1209
1083
1205
63
57
462
730
1662
938
824
880
886
864
500
1892
499
583
2194
997
1361
1438
1244
1092
1213
1800
781
464
868
1923
1337
1254
1416
1593
1581
1127
2316
581
367
1659
500
2629
369
500
500
587
1415
632
503
1070
2260
1831
1834
2029
2182
2092
1503
2441
622
2344
1291
1770
1810
1641
1472
1505
1999
879
464
772
1747
1068
919
1019
1108
1112
766
2104
500
514
1993
707
1012
1062
908
823
1070
1733
752
471
890
1945
1375
1295
1443
1613
1599
1143
2326
671
356
1627
500
334
324
272
335
701
1504
669
488
1015
2168
1709
1707
1895
2052
1989
1440
2426
624
1262
2475
2297
2354
2474
500
2452
1755
2491
591
2199
1006
1387
1402
1221
1079
1208
1794
773
468
865
1918
1331
1247
1406
1578
1567
1110
2308
598
370
1662
500
392
380
320
375
727
1518
667
488
1010
2174
1701
1686
1864
2025
1960
1407
2422
629
2397
1383
1900
1959
1787
1609
1644
2103
929
467
728
1661
917
867
897
882
866
500
1890
500
582
2203
1020
1410
1429
1240
1107
1228
1804
780
465
862
1915
1317
1234
1391
1564
1548
1096
2305
500
382
1692
500
437
437
366
415
749
1517
674
485
999
2149
1623
1589
1765
1945
1890
1359
2404
622
2398
1452
1998
2062
1894
1693
1698
2128
946
469
724
1648
907
500
500
841
897
500
1838
500
591
2234
1068
1463
1496
1309
1164
1265
1825
797
466
847
1877
1285
1192
1349
1507
1507
1061
2284
500
387
1716
287
492
511
439
472
796
1544
687
485
980
2127
1593
1568
1763
1914
1871
1344
2406
631
2410
1456
2003
2095
1908
1719
1734
2158
969
475
699
1608
841
2557
2518
894
958
2529
1948
1546
545
2051
767
1094
1138
977
865
1105
1756
763
471
887
1949
1371
1292
1441
1607
1593
1134
2317
572
362
1654
500
353
342
280
500
1899
500
576
2188
993
1373
1457
1293
1148
1258
1816
794
465
851
1895
1295
1195
1343
1508
1509
1068
2282
500
386
1714
288
489
509
436
475
801
1548
682
488
985
2131
1597
1571
1747
1922
1874
1352
2404
628
500
1454
2123
2208
2031
1840
1837
2226
1008
479
697
1592
836
2547
2347
866
955
2522
1960
633
553
2107
868
1208
1255
1080
954
1107
1772
767
464
872
1934
1347
1249
1418
1578
1568
1114
2313
671
373
1665
500
395
386
328
391
738
1517
678
482
995
2137
1610
1581
1763
1930
1875
1342
2404
628
2419
1466
2018
2103
1933
1732
1751
2169
973
468
695
1604
851
2572
670
905
873
586
1907
772
572
2182
986
1367
1449
1271
1117
1234
1812
780
462
870
1916
1328
1234
1392
1560
1540
1099
2296
500
384
1702
266
457
483
413
447
780
1545
683
483
991
2137
1607
1572
1747
1919
1869
1344
2400
626
500
1449
2114
2189
2023
500
1833
2306
1067
488
658
1499
721
500
500
500
500
2381
1649
2474
614
2260
1123
1544
1553
1365
1226
1323
1866
810
466
834
1875
1240
1139
1289
1463
1458
1027
2264
2544
410
1687
500
408
402
338
397
731
1516
674
489
1011
2168
1714
956
467
724
1647
911
868
500
895
833
500
1875
500
585
2219
1050
1441
1467
1280
1144
1256
1816
787
466
852
1906
1304
1218
1375
1542
1525
1079
2287
2541
500
1621
2333
317
500
2295
500
441
1321
590
529
1170
2382
2047
2097
2299
2396
2314
1673
500
606
2301
1208
1650
1677
1496
1334
1417
1929
848
464
807
1806
1139
1024
1170
1336
1335
940
2211
500
459
1861
491
737
762
690
689
966
1670
744
476
910
1996
1415
1343
1505
1675
1642
1182
2343
2546
2438
1534
2113
2198
2040
1855
1839
2237
1016
483
688
1574
809
2259
659
847
858
500
1857
500
587
2230
1072
1462
1474
1291
1137
1240
1809
786
468
866
1912
1320
1235
1390
1569
1542
1100
2306
500
371
1670
2378
403
500
500
500
621
1440
640
498
1061
2239
1804
1812
2006
2160
2094
1505
2443
622
2342
1290
1760
1800
1628
1450
1502
1994
877
468
773
1752
1073
923
1029
1126
1137
787
2120
500
502
1969
664
963
992
901
888
1126
1772
770
468
875
1939
1352
1259
1417
1586
1570
1117
2315
619
500
1664
2372
394
500
2343
500
505
1359
608
513
1124
2334
1951
1979
2170
2314
2214
1606
2465
617
2294
1172
1156
570
2120
877
1212
1250
1075
946
1107
1763
765
468
881
1957
1375
1285
1424
1609
1583
1126
2322
621
359
1644
2353
500
500
2338
500
462
1332
594
522
1144
2364
2021
2067
2264
2384
2296
1662
2472
609
2256
1119
1545
1556
1378
1235
1338
1881
822
462
829
1852
1222
1092
1248
1401
1402
999
2254
599
441
1815
416
647
652
569
594
891
56
56
469
792
1778
1105
950
1089
1184
1190
834
2125
2344
490
1869
504
755
787
714
714
994
1702
760
469
883
1957
1373
1290
1436
1602
1589
1134
2324
631
354
1643
500
351
342
288
351
713
1502
670
490
1014
2158
1702
1690
1883
2051
1995
1441
2426
623
2367
1347
1842
1884
1714
1536
1569
2046
909
465
750
1708
999
860
877
959
932
2363
1935
500
551
2114
874
1213
1271
1094
980
1134
1788
779
469
871
1918
1324
1235
1405
1567
1553
1105
2304
612
500
1668
500
391
382
313
375
729
1511
674
484
1007
2157
1694
1673
1869
2037
1961
1410
2423
629
2381
1387
1896
1917
1781
1599
1633
2099
927
472
729
1654
916
772
500
857
798
500
1865
500
588
2222
1071
1474
1494
1312
1167
1276
1828
793
461
851
1894
1287
1201
1367
1782
1553
1389
1452
1964
861
466
789
1770
1101
961
1084
1167
1185
833
2140
2529
491
1878
509
758
789
715
720
995
1692
758
472
885
1965
1376
1301
1451
1611
1595
1142
2328
579
355
1633
500
332
323
500
330
681
1489
649
489
1033
2200
1786
1767
1954
2104
2034
1462
2433
628
2357
1337
1822
1863
1693
1520
1558
2034
899
470
746
1701
986
818
832
945
916
1384
1915
2507
562
2074
802
1131
1187
1011
901
1070
1747
757
467
888
1951
1373
1293
1440
1605
1589
1134
2323
570
358
1654
500
356
355
500
373
716
1502
676
488
1001
2169
1704
1701
1879
2036
1961
1425
2425
630
2353
1356
1837
1890
1713
1540
1591
2066
916
467
737
1678
952
795
822
889
913
1250
1932
500
562
2139
906
1263
1334
1161
1020
1155
1754
756
470
886
1951
1368
1284
1440
1616
1603
1146
2327
500
356
1645
500
355
340
284
350
701
60
500
469
907
1996
1432
1358
1520
1686
1654
1191
2350
609
339
1597
2322
294
500
2257
2321
430
1245
559
550
1224
2427
2158
2222
2387
2455
2375
1724
500
596
2264
1132
1551
1574
1390
1236
1337
1887
819
462
829
1859
1228
1120
1261
1450
1446
1021
2267
662
1632
890
500
500
843
845
500
1857
500
589
2236
1083
1486
1514
1323
1183
1281
1842
798
466
846
1888
1276
1182
1312
1492
1490
1055
2284
616
397
1718
287
492
506
432
466
788
1540
683
487
996
2138
1622
1597
1784
1944
1889
1351
2405
633
2400
1443
1984
2063
1881
1700
1712
2144
961
470
708
1619
859
500
679
500
500
2480
1791
500
585
2222
1061
1455
1481
1298
1145
1251
1820
788
467
853
1893
1296
1206
1353
1531
1524
1070
2289
2542
390
1637
500
500
326
272
329
699
1486
665
490
1021
2183
1736
1719
1900
2067
1990
1439
2426
629
2373
1360
1858
1918
1715
1537
1570
2047
900
463
752
1700
990
853
845
946
923
500
1936
2412
573
2106
853
1187
1226
1046
930
1091
1754
762
472
877
1952
1364
1278
1436
1606
1588
1133
2321
569
2446
1646
2273
500
2201
2161
2122
500
1132
526
596
1352
500
2383
2337
2462
500
2442
1732
2487
592
2202
1013
1400
1404
1222
1080
1204
1792
777
471
865
1922
1325
1236
1400
1573
1556
1102
2306
661
370
1668
500
397
387
325
391
739
60
55
468
849
1881
1265
1165
1304
1507
1490
1050
2279
500
394
1724
288
480
496
418
1314
579
543
1191
2410
2115
2174
2339
2435
2352
1706
2484
601
2232
1059
1469
1490
1308
1158
1262
1818
790
467
846
1897
1288
1208
1358
1524
1521
1076
2291
500
500
1709
286
479
493
411
449
766
1535
682
492
994
2135
1620
1581
1762
1929
1885
1352
2403
629
2400
1447
1986
2070
1892
1696
1710
2143
959
472
707
1607
851
2568
2555
892
975
2549
1947
1268
544
2047
766
1081
1132
969
849
1079
1734
755
472
892
1958
1381
1295
1446
1618
1599
1143
2328
500
342
1639
2351
341
500
2345
500
468
1331
599
522
1137
2353
1994
2042
2230
2363
2272
1644
2471
615
2265
1118
1532
1537
1351
1209
1296
1853
805
470
835
1846
1244
1155
1293
1479
1481
1045
2280
500
391
1708
286
482
501
425
467
794
1548
689
481
985
2124
1584
1561
1743
1901
1859
1333
2402
624
2399
1471
2011
2097
1931
1736
1749
2168
971
472
699
1611
840
500
673
500
762
2495
1813
500
585
2205
1033
1421
1435
1265
1126
1250
1815
788
464
859
1909
1304
1215
1375
1541
1531
1079
2285
500
388
1712
500
487
488
413
457
785
1541
681
492
992
2135
1601
1566
1732
1922
1896
1350
2403
628
2401
1434
710
1715
1013
853
945
1078
1029
696
2052
540
535
2066
802
1136
1182
1002
895
1061
1734
756
470
890
1970
1390
1300
1461
1627
1608
1150
2329
614
356
1638
2365
353
500
2338
500
457
1323
595
530
1160
2372
2029
2069
2273
2380
2294
1653
2475
606
2264
1121
1540
1552
1371
1232
1330
1884
813
466
828
1847
1216
1111
1246
1425
1427
1008
2250
1348
421
1709
263
457
486
414
449
784
1552
684
486
989
2130
1605
1565
1734
1918
1876
1342
2401
628
500
1457
2120
2208
2048
1843
1844
2236
1007
478
693
1593
817
2522
2006
833
921
2470
1932
489
556
2104
854
1183
1228
1031
910
1077
1738
753
472
898
1974
1398
1303
1467
1641
1615
1161
2349
576
340
1615
2340
500
500
2252
2328
433
1242
559
554
1229
2433
2166
2229
2398
2462
2389
1742
2487
600
2207
1024
1417
1427
1243
1115
1234
1806
785
466
866
1917
1332
1263
1417
1580
1580
1118
2316
620
374
1665
500
397
391
328
391
738
1523
680
484
1000
2154
1689
1680
1867
2041
1972
1426
2425
625
2371
1377
1879
1940
1779
1597
1637
2097
930
469
728
1664
926
879
895
882
866
500
1899
500
578
2188
1004
1375
1381
1784
1770
2185
976
477
695
1579
810
2484
500
831
820
500
1867
500
588
2231
1075
1472
1491
1309
1164
1265
1828
793
464
844
1886
1276
1187
1323
1498
1496
1064
2287
500
389
1706
500
464
457
388
416
756
1523
675
485
1002
2156
1691
1683
1864
2032
1961
1418
2419
614
2393
1375
1889
1960
1786
1601
1637
2093
929
470
725
1660
928
854
899
907
869
500
1895
63
577
2259
1112
1526
1541
1362
1219
1319
1866
810
465
834
1863
1244
1139
1287
1457
1461
1024
2263
500
409
1753
340
545
576
501
543
862
1606
709
477
950
2066
1510
1467
1622
1781
1754
1250
2374
622
300
1523
2236
2325
2156
1959
1943
2301
1059
485
663
1520
739
500
500
629
500
2409
1692
2479
605
2235
1078
1478
1501
1314
1178
1275
1834
801
464
840
1878
1273
1182
1316
1494
1494
1059
2286
500
393
1715
288
489
511
435
466
788
1546
683
486
1001
2147
1694
1671
1869
2033
1968
1421
2420
626
2409
1380
1896
1953
1782
1599
1640
2099
930
471
727
1656
920
860
920
893
862
500
1890
500
582
2201
1024
1406
1431
1244
1105
1224
1807
786
467
862
1916
1316
1243
1410
1579
1575
1124
2317
587
362
2145
337
1174
543
576
1299
2474
2287
2351
2469
500
2445
1730
2488
594
2202
1012
1393
1404
1210
1073
1198
1790
776
465
870
1920
1332
1235
1391
1571
1557
1100
2303
660
367
1658
500
366
357
293
350
713
1512
666
485
1004
2157
1694
1674
1861
2031
1958
1415
2419
500
2409
1390
1900
1977
1787
1614
1646
2095
934
473
726
1655
913
500
500
823
869
500
1850
500
591
2240
1088
1489
1513
1318
1180
1279
500
62
466
748
1702
983
838
818
942
913
2072
1928
500
555
2124
891
1235
1298
1119
993
1134
1787
773
469
869
1918
1328
1245
1412
1576
1558
1109
2306
654
369
1655
500
500
325
500
306
672
1475
658
495
1037
2206
1749
1749
1928
2103
2034
1474
2436
625
2347
1324
1811
1847
1678
1505
1542
2029
902
469
750
1704
988
834
844
938
915
2267
1923
500
554
2109
872
1226
1277
1096
976
1134
1783
775
464
873
1933
1336
1259
1413
1587
1577
1115
2308
2213
369
1590
2296
500
500
2243
500
413
1306
581
533
1178
2384
2055
2103
2310
2405
2314
1674
2476
601
2252
1100
1518
1533
1348
1216
1301
1849
810
468
839
1875
1252
1153
1312
1482
1485
1059
2285
608
394
869
1090
1747
756
469
896
1968
1386
1314
1464
1630
1609
1154
2333
622
362
1647
2357
347
500
2344
500
469
1334
596
524
1143
2358
2000
2042
2246
2363
2268
1646
500
606
2307
1217
1655
1694
1503
1328
1414
1931
847
464
812
1809
1169
1048
1187
1361
1369
963
2228
500
451
1838
459
700
712
626
650
942
1653
731
477
926
2014
1456
1377
1542
1706
1674
1191
2350
629
340
1608
2351
295
500
2738
500
437
1319
592
526
1164
2376
2037
2082
2283
2389
2305
1659
2475
602
2254
1121
1535
1554
1369
1226
1315
1865
813
465
834
1853
1243
1135
1272
1439
1429
1013
2258
604
413
1748
323
519
521
445
480
802
1557
687
482
978
2118
1581
1549
1729
1894
1847
1332
2400
634
2406
1465
2018
2107
1927
1731
1737
2167
969
472
700
1609
838
2563
2528
889
968
2546
1960
719
542
2082
831
1168
1217
1033
910
1075
1744
763
468
894
1977
1405
1319
1484
1655
1642
1177
2346
599
2437
1618
2228
500
2167
2121
2080
2374
1121
502
633
1442
2525
2467
500
2574
2524
500
1915
500
578
2203
1015
1401
1428
1237
1101
1225
1807
779
472
863
1919
1333
1251
1408
1583
1571
1115
2316
1989
2059
2263
2389
2308
1668
2476
612
2254
1104
1517
1538
1353
1208
1306
1844
807
463
844
1865
1253
1151
1323
1482
1476
1048
2274
500
399
1730
500
503
500
440
485
804
500
56
473
873
1946
1347
1266
1419
1590
1573
1118
2316
603
367
1662
500
388
376
321
382
731
1522
679
483
1000
2154
1691
1675
1867
2038
1959
1413
2419
633
2405
1388
1913
1986
1805
1621
1647
2095
927
465
731
1655
919
881
500
886
806
500
1862
2344
583
2168
966
1324
1409
1221
1071
1202
1791
772
462
867
1925
1330
1253
1413
1584
1572
1120
2312
634
500
1658
2372
386
500
500
500
597
1417
632
506
1075
2268
1845
1855
2047
2202
2114
1530
2452
623
2331
1260
1713
1757
1578
1411
1477
500
66
468
690
1587
806
2425
827
828
800
500
1862
500
586
2222
1066
1471
1498
1311
1163
1267
1829
796
463
850
1889
1276
1194
1333
1510
1518
1070
2286
500
392
1711
278
481
513
434
472
798
1550
692
482
972
2108
1567
1518
1698
1850
1813
1293
2385
620
285
1501
2200
500
2155
2110
2078
500
59
511
555
1239
2435
2176
2237
2399
2462
2387
1747
500
599
2259
1115
1522
1542
1353
1208
1302
1849
826
461
838
1873
1264
1169
1320
1486
1489
1061
2284
500
394
1714
500
489
491
422
463
794
1555
691
484
982
2115
1568
1537
1717
1867
1819
1303
2385
628
2413
1494
2053
2137
1953
1757
1769
2175
982
478
691
1584
807
2417
750
835
802
500
1860
500
585
2223
1069
1470
1494
1304
1166
1263
1825
792
465
848
1888
1289
1194
1356
1523
1513
1069
2285
500
2504
1710
500
344
344
289
353
717
1483
672
486
1009
2174
1715
1696
1878
2042
1972
1423
2423
622
2408
1373
1885
1946
1774
1594
1633
2087
923
468
731
1669
937
824
887
887
862
500
1903
500
580
2196
1013
1383
1394
1213
1076
1192
1791
768
465
869
1931
1338
1248
1396
1580
1570
1115
2316
606
364
1663
500
373
366
303
363
721
1502
664
491
1023
2178
1715
1705
1881
2037
1971
1423
2424
627
2416
1374
1887
1944
1786
1602
1639
2107
928
466
735
1673
947
803
847
904
894
657
1907
528
573
2177
983
1365
1454
1269
1132
1252
1821
789
463
853
1888
1296
1207
1358
1527
1521
1078
2287
500
390
1707
277
470
499
430
467
791
1552
677
482
983
2126
1574
1556
1735
1890
1852
1326
2395
627
2400
1460
2007
1936
1861
2246
1016
477
695
1586
812
2527
2200
858
940
2506
1940
500
551
2114
871
1215
1269
1091
973
1131
1791
772
470
863
1916
1332
1239
1392
1560
1544
1099
2305
500
374
1679
500
407
400
330
392
738
1517
671
487
996
2146
1613
1582
1764
1929
1881
1346
2402
632
2401
1443
1994
500
1896
1847
1856
2230
1018
477
669
1567
801
1987
500
884
784
500
1837
500
590
2251
1112
1509
1527
1350
1204
1303
1858
806
464
834
1862
1251
1152
1303
1474
1472
1038
2273
613
409
1738
317
516
546
473
517
825
1578
697
479
964
2103
1560
1522
1691
1862
1816
1304
2382
633
2414
1481
2033
2106
1921
1712
1725
2150
958
475
702
1600
838
2565
2555
922
987
630
1971
2505
564
2080
815
1145
1189
1011
901
1070
1748
759
470
896
1963
1385
1305
1441
1627
1604
1143
2326
621
359
1644
2350
347
500
2351
500
461
1329
593
527
1153
2371
2041
2085
2287
2389
2303
1664
500
605
2307
1212
1659
1693
1513
1347
1428
1934
851
464
795
1784
1113
991
1121
1199
1212
834
2154
2471
489
1860
492
738
754
683
689
961
1669
746
472
903
1994
1414
1350
1516
1696
1667
1193
2351
609
2438
1311
1752
1791
1607
1436
1495
1984
872
462
773
1751
1056
902
1008
1094
1110
752
2091
500
512
2007
720
1030
1076
914
832
1071
1730
753
474
884
1954
1361
1293
1457
1629
1611
1160
2339
590
345
1620
500
318
306
255
335
705
1495
664
485
1013
2169
1722
1706
1895
2055
1989
1433
2426
625
2374
1374
1867
1931
1767
1592
1627
2100
925
472
736
1662
939
833
880
891
860
500
1898
2462
579
2138
901
1261
1336
1159
1019
1158
1760
763
470
879
1941
1359
1275
1440
1602
1588
1132
2320
570
361
1654
500
370
360
306
362
723
1505
664
492
1021
2173
1717
1703
1875
2051
1993
1444
2427
626
2368
1352
1840
1889
1712
1543
1573
2058
909
465
760
1698
990
852
896
967
939
2462
1935
614
555
2112
857
1201
1257
1077
953
1108
1768
764
466
882
1936
1352
1261
1425
1584
1562
1114
2313
607
370
1674
500
389
378
310
372
730
1512
669
489
999
2157
1629
1598
1790
1957
1892
1352
2404
626
2390
1447
1987
2064
1885
1686
1712
2139
958
471
710
1615
851
2576
2571
904
990
630
1949
2466
565
2081
814
1153
1194
1014
903
1075
1743
756
467
889
1966
1395
1321
1483
1656
2240
2050
1827
1818
2213
1002
475
699
1605
848
2560
2532
885
963
2540
1950
1558
549
2048
759
1071
1123
964
850
1086
1747
754
469
887
1964
1380
1299
1449
1623
1609
1150
2330
618
354
1627
500
320
314
265
344
714
1507
676
488
1008
2168
1709
1712
1891
2043
1980
1428
2423
616
2405
1373
1885
1939
1770
1592
1630
2087
923
469
736
1664
947
815
821
893
877
580
1910
500
578
2195
1012
1393
1420
1230
1098
1222
1795
782
471
859
1908
1313
1230
1391
1549
1526
1083
2295
606
384
1696
500
452
447
373
411
754
1521
676
489
1005
2163
1696
1692
1877
2041
1975
1431
2426
630
2369
1347
1836
1869
1700
1526
1572
2048
907
465
749
1702
967
861
861
961
927
2425
1944
639
551
2106
863
1204
1253
1082
961
1114
1771
763
480
873
1941
1351
1266
1419
1589
1576
1119
2310
651
373
1662
500
500
384
326
376
720
1515
670
495
1034
2174
1717
1694
1875
2029
1960
1417
2420
628
2379
1378
1885
1952
1773
1598
1633
2089
926
472
732
1671
929
843
892
889
866
500
1903
516
586
2195
1006
1384
1394
1214
1081
1206
1790
772
468
873
1924
1333
1251
1413
1593
1578
1133
2317
1889
1886
1361
2406
632
2392
1426
1958
2040
1870
1674
1691
2129
952
472
721
1640
901
500
739
862
869
500
1853
500
600
2231
1077
1481
1508
1310
1169
1272
1830
797
466
853
1892
1281
1197
1362
1525
1527
1080
2296
500
388
1700
270
463
494
423
457
785
1554
683
484
981
2117
1592
1563
1722
1895
1857
1326
2397
634
2406
1473
2014
2115
1939
1726
1750
2171
971
474
696
1593
820
2513
2007
847
938
500
1947
2480
567
2104
846
1181
1231
1049
935
1092
1753
763
468
883
1957
1369
1289
1444
1623
1599
1148
2327
620
2449
1635
2245
500
2214
2146
2113
500
1135
524
599
1366
500
2400
2366
2480
500
2458
1765
500
589
2243
1097
1497
1529
1328
1173
1266
1827
795
468
848
1886
1284
1181
1349
1514
1515
1068
2283
500
395
1718
500
487
490
422
464
795
1547
688
484
979
2116
1578
1552
1724
1885
1848
1327
2396
632
500
1461
2126
2213
2042
1851
1851
2246
1014
481
685
1571
813
2235
1646
830
918
2528
1927
2510
550
2061
777
1097
1144
986
873
1105
1766
760
473
881
1953
1375
1290
1438
1601
1590
1139
2327
500
361
1651
2357
344
500
2320
500
442
1313
588
844
892
989
969
2536
1952
500
546
2088
839
1182
1221
1047
924
1088
1745
754
467
886
1956
1373
1285
1440
1608
1587
1131
2326
595
356
1648
500
361
348
500
339
688
1485
656
493
1035
2208
1777
1769
1959
2115
2032
1468
2435
626
2353
1330
1812
1858
1689
1516
1555
2035
901
466
747
1689
976
845
829
938
914
2022
1931
500
555
2126
896
1242
1292
1117
989
1133
1785
774
470
870
1919
1330
1242
1402
1569
1554
1105
2305
500
376
1677
500
405
402
339
398
741
1521
680
481
1008
2154
1683
1679
1870
2036
1972
1419
2420
622
500
1393
2028
2124
1958
1751
1760
2169
973
473
705
1606
852
2576
2585
924
999
500
1966
500
2605
2146
819
1143
1182
997
887
1114
1768
755
475
882
1950
1358
1279
1429
1601
1580
1126
2319
572
500
1659
500
378
376
324
387
735
1522
680
487
1005
2160
1694
1683
1879
2051
1975
1435
2425
628
2369
1363
1865
1917
1736
1560
1596
2065
921
466
740
1677
959
802
861
889
867
500
1903
500
582
2197
1013
1394
1413
1235
1092
1218
1812
784
466
861
1915
1327
1229
1387
1558
1535
1089
2299
500
385
1698
2396
442
282
500
276
631
1463
643
296
605
1430
638
504
1064
2252
1820
1823
2008
2161
2087
1509
2445
621
2349
1285
1761
1792
1614
1441
1502
1997
886
463
767
1727
1035
895
1001
1086
1105
759
2092
500
518
2009
714
1008
1060
895
808
1051
1731
750
471
890
1968
1390
1309
1455
1632
1600
1149
2331
623
2453
1646
2253
500
2199
2165
2126
500
1133
525
591
1341
500
2366
2313
2447
500
2430
1718
2481
599
2220
1041
1437
1444
1253
1106
1222
1801
781
469
864
1913
1327
1242
1396
1581
1560
1104
2308
620
372
1667
500
400
388
323
380
727
1520
673
487
1010
2168
1700
1695
1862
2031
1965
1416
2423
631
2372
1365
1860
1897
1721
1542
1581
2066
915
464
741
1693
973
830
837
940
920
2177
1931
612
553
2112
865
1209
1261
1085
963
1123
1777
765
463
864
1942
1344
1277
1425
1595
1582
1122
2312
633
370
1659
500
391
389
323
385
731
1516
673
488
1006
2162
1711
1704
1891
2043
1971
1427
2422
628
2409
1371
1884
1935
1769
1592
1625
2088
921
471
736
1676
948
821
881
891
862
500
1900
500
574
2198
1013
1396
1420
1238
1096
1219
1799
778
467
861
1905
1307
1232
1394
1568
1558
1110
2311